1,1,75.3731,69.5804,0.00663366,0.0064896
1,2,75.3731,69.0972,0.0132233,0.0143485
1,3,75.3731,67.0034,0.0197693,0.0224913
1,4,75.3731,89.2377,0.0262718,0.0280144
1,5,75.3731,73.4317,0.0327312,0.0326526
1,6,75.3731,64.6104,0.0391477,0.0355843
1,7,75.3731,82.2314,0.0455217,0.0400507
1,8,75.3731,94.7619,0.0518534,0.0502515
1,9,75.3731,77.1318,0.0581431,0.0531953
1,10,75.3731,80.8943,0.064391,0.0546432
1,11,75.3731,75.3788,0.0705975,0.0690736
1,12,75.3731,82.5726,0.0767629,0.0781603
1,13,75.3731,79.2829,0.0828873,0.0879594
1,14,75.3731,80.5668,0.0889711,0.0895332
1,15,75.3731,88.4444,0.0950146,0.0958542
1,16,75.3731,78.3465,0.101018,0.101566
1,17,75.3731,73.4317,0.106982,0.102557
1,18,75.3731,76.834,0.112905,0.111306
1,19,75.3731,85.7759,0.11879,0.115849
1,20,75.3731,72.3636,0.124636,0.122033
1,21,75.3731,70.318,0.130443,0.130275
2,1,75.3731,76.5385,0.00663366,0.00679492
2,2,75.3731,81.2245,0.0132233,0.0100553
2,3,75.3731,79.9197,0.0197693,0.0184487
2,4,75.3731,64.8208,0.0262718,0.0280533
2,5,75.3731,82.5726,0.0327312,0.0325333
2,6,75.3731,65.2459,0.0391477,0.0394647
2,7,75.3731,76.834,0.0455217,0.0482418
2,8,75.3731,82.2314,0.0518534,0.0555612
2,9,75.3731,80.2419,0.0581431,0.0561963
2,10,75.3731,78.3465,0.064391,0.0631579
2,11,75.3731,67.9181,0.0705975,0.0687178
2,12,75.3731,72.6277,0.0767629,0.0795819
2,13,75.3731,73.7037,0.0828873,0.0882503
2,14,75.3731,71.0714,0.0889711,0.0968711
2,15,75.3731,86.8996,0.0950146,0.100628
2,16,75.3731,83.6134,0.101018,0.103492
2,17,75.3731,70.318,0.106982,0.106471
2,18,75.3731,76.2452,0.112905,0.107406
2,19,75.3731,82.9167,0.11879,0.11364
2,20,75.3731,65.894,0.124636,0.111201
2,21,75.3731,80.5668,0.130443,0.11502
3,1,75.3731,74.2537,0.00663366,0.00712138
3,2,75.3731,71.8412,0.0132233,0.0126511
3,3,75.3731,77.7344,0.0197693,0.0220749
3,4,75.3731,76.2452,0.0262718,0.0285521
3,5,75.3731,78.0392,0.0327312,0.0318388
3,6,75.3731,72.1014,0.0391477,0.0402419
3,7,75.3731,65.894,0.0455217,0.0392239
3,8,75.3731,77.4319,0.0518534,0.0454633
3,9,75.3731,74.2537,0.0581431,0.0485722
3,10,75.3731,72.3636,0.064391,0.0523146
3,11,75.3731,85.7759,0.0705975,0.0555462
3,12,75.3731,88.8393,0.0767629,0.0591597
3,13,75.3731,82.5726,0.0828873,0.0625605
3,14,75.3731,67.6871,0.0889711,0.0657581
3,15,75.3731,76.5385,0.0950146,0.0671526
3,16,75.3731,84.6809,0.101018,0.0727653
3,17,75.3731,83.2636,0.106982,0.0822563
3,18,75.3731,75.0943,0.112905,0.0857309
3,19,75.3731,68.8581,0.11879,0.0875595
3,20,75.3731,71.0714,0.124636,0.0997857
3,21,75.3731,79.6,0.130443,0.115236
4,1,75.3731,68.3849,0.00663366,0.00859984
4,2,75.3731,70.318,0.0132233,0.0141609
4,3,75.3731,77.4319,0.0197693,0.0201826
4,4,75.3731,81.2245,0.0262718,0.0274584
4,5,75.3731,84.6809,0.0327312,0.0303574
4,6,75.3731,77.1318,0.0391477,0.0348303
4,7,75.3731,68.3849,0.0455217,0.040981
4,8,75.3731,70.8185,0.0518534,0.0616998
4,9,75.3731,72.8938,0.0581431,0.0665339
4,10,75.3731,74.5318,0.064391,0.0704762
4,11,75.3731,72.1014,0.0705975,0.0764464
4,12,75.3731,88.0531,0.0767629,0.093425
4,13,75.3731,66.113,0.0828873,0.100184
4,14,75.3731,83.9662,0.0889711,0.0987405
4,15,75.3731,78.0392,0.0950146,0.0995088
4,16,75.3731,75.9542,0.101018,0.108429
4,17,75.3731,78.6561,0.106982,0.112886
4,18,75.3731,75.6654,0.112905,0.113375
4,19,75.3731,67.6871,0.11879,0.114095
4,20,75.3731,77.7344,0.124636,0.114039
4,21,75.3731,82.2314,0.130443,0.117983
5,1,75.3731,80.8943,0.00663366,0.00424524
5,2,75.3731,74.2537,0.0132233,0.0114846
5,3,75.3731,76.5385,0.0197693,0.0178434
5,4,75.3731,82.2314,0.0262718,0.0248963
5,5,75.3731,82.5726,0.0327312,0.0298843
5,6,75.3731,84.6809,0.0391477,0.0348444
5,7,75.3731,86.1472,0.0455217,0.0399327
5,8,75.3731,88.0531,0.0518534,0.0434913
5,9,75.3731,72.1014,0.0581431,0.0484479
5,10,75.3731,74.2537,0.064391,0.0568003
5,11,75.3731,70.318,0.0705975,0.0673212
5,12,75.3731,64.8208,0.0767629,0.0771231
5,13,75.3731,73.4317,0.0828873,0.0795179
5,14,75.3731,84.322,0.0889711,0.0864216
5,15,75.3731,86.5217,0.0950146,0.0902206
5,16,75.3731,74.2537,0.101018,0.0944445
5,17,75.3731,68.3849,0.106982,0.0991713
5,18,75.3731,73.9777,0.112905,0.100668
5,19,75.3731,71.3262,0.11879,0.107232
5,20,75.3731,84.6809,0.124636,0.108526
5,21,75.3731,70.0704,0.130443,0.116331
6,1,75.3731,72.3636,0.00663366,0.00885953
6,2,75.3731,79.2829,0.0132233,0.0136056
6,3,75.3731,76.834,0.0197693,0.0191841
6,4,75.3731,87.2807,0.0262718,0.0258865
6,5,75.3731,71.8412,0.0327312,0.0384827
6,6,75.3731,73.4317,0.0391477,0.0487114
6,7,75.3731,66.7785,0.0455217,0.0444731
6,8,75.3731,80.5668,0.0518534,0.0545032
6,9,75.3731,74.5318,0.0581431,0.0581111
6,10,75.3731,75.9542,0.064391,0.0700038
6,11,75.3731,74.812,0.0705975,0.0684458
6,12,75.3731,86.5217,0.0767629,0.0779454
6,13,75.3731,90.4545,0.0828873,0.0827324
6,14,75.3731,79.9197,0.0889711,0.085546
6,15,75.3731,83.6134,0.0950146,0.0877194
6,16,75.3731,76.5385,0.101018,0.0945524
6,17,75.3731,81.2245,0.106982,0.101996
6,18,75.3731,78.6561,0.112905,0.113345
6,19,75.3731,68.8581,0.11879,0.122091
6,20,75.3731,70.8185,0.124636,0.123331
6,21,75.3731,74.2537,0.130443,0.123412
7,1,75.3731,78.6561,0.00663366,0.00505437
7,2,75.3731,76.5385,0.0132233,0.0103988
7,3,75.3731,73.4317,0.0197693,0.0123825
7,4,75.3731,73.9777,0.0262718,0.0212495
7,5,75.3731,82.2314,0.0327312,0.0240042
7,6,75.3731,86.5217,0.0391477,0.0282796
7,7,75.3731,68.3849,0.0455217,0.036335
7,8,75.3731,76.5385,0.0518534,0.0464316
7,9,75.3731,63.1746,0.0581431,0.0501949
7,10,75.3731,73.1618,0.064391,0.0560354
7,11,75.3731,68.6207,0.0705975,0.0628985
7,12,75.3731,74.2537,0.0767629,0.0655833
7,13,75.3731,86.1472,0.0828873,0.0744667
7,14,75.3731,78.3465,0.0889711,0.0777531
7,15,75.3731,66.7785,0.0950146,0.0925318
7,16,75.3731,80.5668,0.101018,0.104533
7,17,75.3731,73.9777,0.106982,0.113649
7,18,75.3731,66.113,0.112905,0.125547
7,19,75.3731,78.9683,0.11879,0.127067
7,20,75.3731,71.8412,0.124636,0.129673
7,21,75.3731,77.7344,0.130443,0.143165
8,1,75.3731,72.1014,0.00663366,0.00877145
8,2,75.3731,75.6654,0.0132233,0.0138658
8,3,75.3731,74.2537,0.0197693,0.0211968
8,4,75.3731,72.3636,0.0262718,0.0215136
8,5,75.3731,78.9683,0.0327312,0.0259372
8,6,75.3731,65.4605,0.0391477,0.0342329
8,7,75.3731,86.8996,0.0455217,0.039145
8,8,75.3731,78.0392,0.0518534,0.0435894
8,9,75.3731,64.6104,0.0581431,0.0438559
8,10,75.3731,81.2245,0.064391,0.0499794
8,11,75.3731,61.8012,0.0705975,0.0555619
8,12,75.3731,86.5217,0.0767629,0.0606689
8,13,75.3731,79.6,0.0828873,0.064204
8,14,75.3731,71.3262,0.0889711,0.0707987
8,15,75.3731,77.4319,0.0950146,0.0755417
8,16,75.3731,77.7344,0.101018,0.0773518
8,17,75.3731,69.5804,0.106982,0.0784133
8,18,75.3731,70.318,0.112905,0.0771389
8,19,75.3731,81.2245,0.11879,0.0768587
8,20,75.3731,74.5318,0.124636,0.0882407
8,21,75.3731,83.6134,0.130443,0.0930378
9,1,75.3731,71.3262,0.00663366,0.00872185
9,2,75.3731,77.7344,0.0132233,0.0147914
9,3,75.3731,79.2829,0.0197693,0.0190128
9,4,75.3731,74.2537,0.0262718,0.0263955
9,5,75.3731,80.2419,0.0327312,0.0358829
9,6,75.3731,71.5827,0.0391477,0.0443352
9,7,75.3731,82.5726,0.0455217,0.0454337
9,8,75.3731,69.5804,0.0518534,0.0500193
9,9,75.3731,68.1507,0.0581431,0.0544462
9,10,75.3731,68.6207,0.064391,0.0633276
9,11,75.3731,73.7037,0.0705975,0.0665194
9,12,75.3731,75.6654,0.0767629,0.074688
9,13,75.3731,76.2452,0.0828873,0.0766933
9,14,75.3731,71.3262,0.0889711,0.0823765
9,15,75.3731,85.4077,0.0950146,0.0954487
9,16,75.3731,85.7759,0.101018,0.101234
9,17,75.3731,90.8676,0.106982,0.110232
9,18,75.3731,81.5574,0.112905,0.110711
9,19,75.3731,82.9167,0.11879,0.119145
9,20,75.3731,72.3636,0.124636,0.123502
9,21,75.3731,77.4319,0.130443,0.120284
10,1,75.3731,72.3636,0.00663366,0.00628558
10,2,75.3731,61.2308,0.0132233,0.0148893
10,3,75.3731,74.812,0.0197693,0.0225141
10,4,75.3731,83.6134,0.0262718,0.0267208
10,5,75.3731,87.6652,0.0327312,0.0309144
10,6,75.3731,76.834,0.0391477,0.0415521
10,7,75.3731,80.5668,0.0455217,0.0489574
10,8,75.3731,82.9167,0.0518534,0.0523922
10,9,75.3731,79.9197,0.0581431,0.0584391
10,10,75.3731,84.322,0.064391,0.0622735
10,11,75.3731,73.4317,0.0705975,0.0701895
10,12,75.3731,72.8938,0.0767629,0.0784345
10,13,75.3731,77.7344,0.0828873,0.0820913
10,14,75.3731,81.2245,0.0889711,0.0796152
10,15,75.3731,76.834,0.0950146,0.0905705
10,16,75.3731,68.6207,0.101018,0.10388
10,17,75.3731,71.0714,0.106982,0.116272
10,18,75.3731,79.2829,0.112905,0.127448
10,19,75.3731,78.9683,0.11879,0.132459
10,20,75.3731,81.893,0.124636,0.137929
10,21,75.3731,86.5217,0.130443,0.142424
11,1,75.3731,63.9871,0.00663366,0.0111182
11,2,75.3731,78.9683,0.0132233,0.0196846
11,3,75.3731,78.6561,0.0197693,0.0247919
11,4,75.3731,71.8412,0.0262718,0.0322138
11,5,75.3731,78.9683,0.0327312,0.0366668
11,6,75.3731,85.7759,0.0391477,0.0448784
11,7,75.3731,71.3262,0.0455217,0.0550402
11,8,75.3731,72.3636,0.0518534,0.0632899
11,9,75.3731,77.7344,0.0581431,0.06985
11,10,75.3731,82.2314,0.064391,0.0814423
11,11,75.3731,80.2419,0.0705975,0.0859811
11,12,75.3731,78.0392,0.0767629,0.0883087
11,13,75.3731,78.3465,0.0828873,0.0949962
11,14,75.3731,88.4444,0.0889711,0.0976445
11,15,75.3731,83.9662,0.0950146,0.101182
11,16,75.3731,74.5318,0.101018,0.107397
11,17,75.3731,85.4077,0.106982,0.110022
11,18,75.3731,73.9777,0.112905,0.112823
11,19,75.3731,74.812,0.11879,0.119276
11,20,75.3731,78.0392,0.124636,0.117917
11,21,75.3731,78.9683,0.130443,0.131064
12,1,75.3731,76.834,0.00663366,0.00629392
12,2,75.3731,70.318,0.0132233,0.0122264
12,3,75.3731,73.4317,0.0197693,0.0204096
12,4,75.3731,86.8996,0.0262718,0.0238674
12,5,75.3731,74.2537,0.0327312,0.0270996
12,6,75.3731,78.6561,0.0391477,0.0291823
12,7,75.3731,69.5804,0.0455217,0.0345949
12,8,75.3731,67.2297,0.0518534,0.0424393
12,9,75.3731,69.8246,0.0581431,0.054809
12,10,75.3731,73.7037,0.064391,0.0604104
12,11,75.3731,78.6561,0.0705975,0.0690755
12,12,75.3731,70.8185,0.0767629,0.0740136
12,13,75.3731,62.5786,0.0828873,0.0790253
12,14,75.3731,71.8412,0.0889711,0.0799215
12,15,75.3731,78.0392,0.0950146,0.0867118
12,16,75.3731,84.322,0.101018,0.0929788
12,17,75.3731,71.3262,0.106982,0.0999676
12,18,75.3731,74.5318,0.112905,0.108202
12,19,75.3731,71.0714,0.11879,0.119765
12,20,75.3731,70.8185,0.124636,0.118843
12,21,75.3731,67.2297,0.130443,0.122604
13,1,75.3731,76.5385,0.00663366,0.00430876
13,2,75.3731,78.6561,0.0132233,0.0115481
13,3,75.3731,81.2245,0.0197693,0.0161685
13,4,75.3731,78.9683,0.0262718,0.0214145
13,5,75.3731,70.0704,0.0327312,0.0301858
13,6,75.3731,75.3788,0.0391477,0.0393735
13,7,75.3731,73.1618,0.0455217,0.0401262
13,8,75.3731,72.6277,0.0518534,0.0509824
13,9,75.3731,74.812,0.0581431,0.0577956
13,10,75.3731,83.6134,0.064391,0.0606901
13,11,75.3731,67.6871,0.0705975,0.0673804
13,12,75.3731,75.0943,0.0767629,0.0736986
13,13,75.3731,90.0452,0.0828873,0.0748956
13,14,75.3731,63.7821,0.0889711,0.0798218
13,15,75.3731,78.3465,0.0950146,0.0803993
13,16,75.3731,70.8185,0.101018,0.082741
13,17,75.3731,79.2829,0.106982,0.0849968
13,18,75.3731,69.8246,0.112905,0.089656
13,19,75.3731,83.9662,0.11879,0.0959523
13,20,75.3731,71.8412,0.124636,0.103365
13,21,75.3731,82.5726,0.130443,0.117006
14,1,75.3731,79.9197,0.00663366,0.00664634
14,2,75.3731,77.4319,0.0132233,0.0130551
14,3,75.3731,75.3788,0.0197693,0.0186996
14,4,75.3731,82.9167,0.0262718,0.028194
14,5,75.3731,80.2419,0.0327312,0.0337511
14,6,75.3731,78.6561,0.0391477,0.0400541
14,7,75.3731,71.0714,0.0455217,0.0515572
14,8,75.3731,85.0427,0.0518534,0.0535682
14,9,75.3731,81.893,0.0581431,0.0598385
14,10,75.3731,80.5668,0.064391,0.0651404
14,11,75.3731,70.318,0.0705975,0.0724664
14,12,75.3731,83.9662,0.0767629,0.077072
14,13,75.3731,76.2452,0.0828873,0.084293
14,14,75.3731,86.5217,0.0889711,0.086225
14,15,75.3731,73.9777,0.0950146,0.0891903
14,16,75.3731,80.2419,0.101018,0.0966889
14,17,75.3731,69.5804,0.106982,0.108784
14,18,75.3731,87.6652,0.112905,0.110322
14,19,75.3731,66.3333,0.11879,0.118585
14,20,75.3731,74.2537,0.124636,0.12702
14,21,75.3731,78.6561,0.130443,0.130766
15,1,75.3731,71.0714,0.00663366,0.00782618
15,2,75.3731,81.5574,0.0132233,0.0147005
15,3,75.3731,82.9167,0.0197693,0.0221387
15,4,75.3731,72.1014,0.0262718,0.0332417
15,5,75.3731,79.9197,0.0327312,0.0410546
15,6,75.3731,79.2829,0.0391477,0.0489722
15,7,75.3731,80.2419,0.0455217,0.048694
15,8,75.3731,78.0392,0.0518534,0.0537093
15,9,75.3731,73.7037,0.0581431,0.0638041
15,10,75.3731,86.8996,0.064391,0.0628305
15,11,75.3731,72.6277,0.0705975,0.0689954
15,12,75.3731,81.2245,0.0767629,0.0769945
15,13,75.3731,79.6,0.0828873,0.0779778
15,14,75.3731,86.1472,0.0889711,0.0824181
15,15,75.3731,75.0943,0.0950146,0.0924827
15,16,75.3731,87.6652,0.101018,0.0928543
15,17,75.3731,82.5726,0.106982,0.102973
15,18,75.3731,86.8996,0.112905,0.101044
15,19,75.3731,77.7344,0.11879,0.114082
15,20,75.3731,73.7037,0.124636,0.11874
15,21,75.3731,76.2452,0.130443,0.123451
16,1,75.3731,74.5318,0.00663366,0.00797248
16,2,75.3731,86.1472,0.0132233,0.0127945
16,3,75.3731,76.834,0.0197693,0.0195476
16,4,75.3731,74.5318,0.0262718,0.025723
16,5,75.3731,81.2245,0.0327312,0.0305982
16,6,75.3731,69.8246,0.0391477,0.0396232
16,7,75.3731,70.318,0.0455217,0.0457505
16,8,75.3731,77.7344,0.0518534,0.0518132
16,9,75.3731,80.5668,0.0581431,0.0626472
16,10,75.3731,80.2419,0.064391,0.0733942
16,11,75.3731,83.6134,0.0705975,0.0776705
16,12,75.3731,78.9683,0.0767629,0.0916035
16,13,75.3731,79.6,0.0828873,0.100226
16,14,75.3731,68.8581,0.0889711,0.119984
16,15,75.3731,68.3849,0.0950146,0.120371
16,16,75.3731,78.0392,0.101018,0.130485
16,17,75.3731,80.5668,0.106982,0.136775
16,18,75.3731,75.9542,0.112905,0.135138
16,19,75.3731,77.1318,0.11879,0.137564
16,20,75.3731,84.6809,0.124636,0.145272
16,21,75.3731,68.8581,0.130443,0.149714
17,1,75.3731,80.8943,0.00663366,0.00667854
17,2,75.3731,74.812,0.0132233,0.0134848
17,3,75.3731,76.2452,0.0197693,0.0173879
17,4,75.3731,75.9542,0.0262718,0.0269088
17,5,75.3731,76.834,0.0327312,0.0358281
17,6,75.3731,68.6207,0.0391477,0.0476977
17,7,75.3731,68.6207,0.0455217,0.0532922
17,8,75.3731,65.894,0.0518534,0.0620542
17,9,75.3731,75.3788,0.0581431,0.069813
17,10,75.3731,71.8412,0.064391,0.0734564
17,11,75.3731,85.4077,0.0705975,0.0815214
17,12,75.3731,62.1875,0.0767629,0.0857736
17,13,75.3731,81.2245,0.0828873,0.0877145
17,14,75.3731,82.5726,0.0889711,0.0956779
17,15,75.3731,71.0714,0.0950146,0.106576
17,16,75.3731,77.4319,0.101018,0.103259
17,17,75.3731,71.8412,0.106982,0.103782
17,18,75.3731,71.8412,0.112905,0.120164
17,19,75.3731,85.4077,0.11879,0.11774
17,20,75.3731,73.9777,0.124636,0.125725
17,21,75.3731,79.6,0.130443,0.126512
18,1,75.3731,68.6207,0.00663366,0.00674034
18,2,75.3731,74.5318,0.0132233,0.0161985
18,3,75.3731,92.1296,0.0197693,0.0180603
18,4,75.3731,81.2245,0.0262718,0.0308366
18,5,75.3731,82.2314,0.0327312,0.0342086
18,6,75.3731,74.2537,0.0391477,0.0420429
18,7,75.3731,73.1618,0.0455217,0.0442947
18,8,75.3731,76.2452,0.0518534,0.0472042
18,9,75.3731,78.9683,0.0581431,0.0511431
18,10,75.3731,70.5674,0.064391,0.0573925
18,11,75.3731,67.4576,0.0705975,0.0654113
18,12,75.3731,75.3788,0.0767629,0.0765191
18,13,75.3731,78.0392,0.0828873,0.0848028
18,14,75.3731,73.7037,0.0889711,0.0897293
18,15,75.3731,76.5385,0.0950146,0.09421
18,16,75.3731,85.7759,0.101018,0.0932477
18,17,75.3731,79.2829,0.106982,0.106258
18,18,75.3731,81.5574,0.112905,0.10887
18,19,75.3731,73.7037,0.11879,0.112883
18,20,75.3731,86.5217,0.124636,0.112979
18,21,75.3731,69.5804,0.130443,0.113662
19,1,75.3731,74.812,0.00663366,0.00742641
19,2,75.3731,80.2419,0.0132233,0.011215
19,3,75.3731,70.0704,0.0197693,0.015714
19,4,75.3731,75.9542,0.0262718,0.0195702
19,5,75.3731,76.5385,0.0327312,0.0271204
19,6,75.3731,76.2452,0.0391477,0.0335642
19,7,75.3731,78.9683,0.0455217,0.0358532
19,8,75.3731,76.834,0.0518534,0.0392344
19,9,75.3731,71.3262,0.0581431,0.0495266
19,10,75.3731,81.2245,0.064391,0.0600889
19,11,75.3731,80.2419,0.0705975,0.0613001
19,12,75.3731,73.4317,0.0767629,0.0648056
19,13,75.3731,74.812,0.0828873,0.0695423
19,14,75.3731,76.834,0.0889711,0.0755167
19,15,75.3731,74.812,0.0950146,0.0813421
19,16,75.3731,78.0392,0.101018,0.0860384
19,17,75.3731,61.4198,0.106982,0.0961084
19,18,75.3731,84.6809,0.112905,0.0916457
19,19,75.3731,95.6731,0.11879,0.0927541
19,20,75.3731,81.893,0.124636,0.097929
20,1,75.3731,71.8412,0.00663366,0.00662645
20,2,75.3731,77.7344,0.0132233,0.0132071
20,3,75.3731,77.4319,0.0197693,0.0174349
20,4,75.3731,74.5318,0.0262718,0.0239442
20,5,75.3731,79.9197,0.0327312,0.0301275
20,6,75.3731,74.5318,0.0391477,0.0360541
20,7,75.3731,73.7037,0.0455217,0.0388029
20,8,75.3731,75.9542,0.0518534,0.0420447
20,9,75.3731,64.8208,0.0581431,0.0479059
20,10,75.3731,75.6654,0.064391,0.0536934
20,11,75.3731,78.9683,0.0705975,0.0582256
20,12,75.3731,89.6396,0.0767629,0.0606859
20,13,75.3731,86.1472,0.0828873,0.0674119
20,14,75.3731,78.3465,0.0889711,0.0700314
20,15,75.3731,88.4444,0.0950146,0.076583
20,16,75.3731,79.2829,0.101018,0.0823077
20,17,75.3731,70.0704,0.106982,0.0855251
20,18,75.3731,83.9662,0.112905,0.0908855
20,19,75.3731,72.1014,0.11879,0.0969771
20,20,75.3731,76.2452,0.124636,0.106528
20,21,75.3731,79.6,0.130443,0.109032
21,1,75.3731,80.2419,0.00663366,0.00546153
21,2,75.3731,80.8943,0.0132233,0.0149276
21,3,75.3731,78.6561,0.0197693,0.0223763
21,4,75.3731,84.322,0.0262718,0.0306462
21,5,75.3731,75.3788,0.0327312,0.0385737
21,6,75.3731,80.8943,0.0391477,0.0470519
21,7,75.3731,82.2314,0.0455217,0.0476313
21,8,75.3731,74.2537,0.0518534,0.0477666
21,9,75.3731,80.5668,0.0581431,0.0540154
21,10,75.3731,78.9683,0.064391,0.0545257
21,11,75.3731,79.6,0.0705975,0.0573691
21,12,75.3731,79.2829,0.0767629,0.0630083
21,13,75.3731,71.8412,0.0828873,0.0669904
21,14,75.3731,75.0943,0.0889711,0.0768536
21,15,75.3731,83.2636,0.0950146,0.078496
21,16,75.3731,69.338,0.101018,0.0936005
21,17,75.3731,63.9871,0.106982,0.103881
21,18,75.3731,80.8943,0.112905,0.102977
21,19,75.3731,73.1618,0.11879,0.110158
21,20,75.3731,60.1208,0.124636,0.11803
21,21,75.3731,74.5318,0.130443,0.128966
22,1,75.3731,84.322,0.00663366,0.00648324
22,2,75.3731,78.0392,0.0132233,0.0120525
22,3,75.3731,77.4319,0.0197693,0.0158863
22,4,75.3731,72.8938,0.0262718,0.0210803
22,5,75.3731,77.1318,0.0327312,0.0240725
22,6,75.3731,68.6207,0.0391477,0.0278994
22,7,75.3731,73.9777,0.0455217,0.0377279
22,8,75.3731,80.2419,0.0518534,0.0436133
22,9,75.3731,83.6134,0.0581431,0.0504654
22,10,75.3731,75.0943,0.064391,0.0613216
22,11,75.3731,75.9542,0.0705975,0.0707622
22,12,75.3731,68.8581,0.0767629,0.0762167
22,13,75.3731,74.2537,0.0828873,0.0826753
22,14,75.3731,71.8412,0.0889711,0.0868023
22,15,75.3731,88.8393,0.0950146,0.087192
22,16,75.3731,72.8938,0.101018,0.0977106
22,17,75.3731,72.6277,0.106982,0.0966154
22,18,75.3731,70.5674,0.112905,0.0994135
22,19,75.3731,65.6766,0.11879,0.11164
22,20,75.3731,76.5385,0.124636,0.128299
22,21,75.3731,74.5318,0.130443,0.131141
23,1,75.3731,79.9197,0.00663366,0.00511024
23,2,75.3731,76.5385,0.0132233,0.0112037
23,3,75.3731,73.7037,0.0197693,0.0188586
23,4,75.3731,72.8938,0.0262718,0.0302087
23,5,75.3731,71.8412,0.0327312,0.0318173
23,6,75.3731,91.7051,0.0391477,0.0383532
23,7,75.3731,84.6809,0.0455217,0.0487028
23,8,75.3731,83.9662,0.0518534,0.0488155
23,9,75.3731,76.2452,0.0581431,0.0580733
23,10,75.3731,71.5827,0.064391,0.0629838
23,11,75.3731,77.4319,0.0705975,0.0699399
23,12,75.3731,74.5318,0.0767629,0.0768683
23,13,75.3731,72.8938,0.0828873,0.0802744
23,14,75.3731,70.318,0.0889711,0.088572
23,15,75.3731,73.1618,0.0950146,0.0948304
23,16,75.3731,80.8943,0.101018,0.0976419
23,17,75.3731,74.5318,0.106982,0.105465
23,18,75.3731,72.3636,0.112905,0.118715
23,19,75.3731,64.8208,0.11879,0.121148
23,20,75.3731,79.9197,0.124636,0.127106
23,21,75.3731,73.1618,0.130443,0.136576
24,1,75.3731,76.834,0.00663366,0.00566985
24,2,75.3731,78.0392,0.0132233,0.015614
24,3,75.3731,79.9197,0.0197693,0.0249605
24,4,75.3731,73.7037,0.0262718,0.0298048
24,5,75.3731,79.2829,0.0327312,0.0367661
24,6,75.3731,71.0714,0.0391477,0.0442415
24,7,75.3731,72.1014,0.0455217,0.0576745
24,8,75.3731,68.8581,0.0518534,0.0721632
24,9,75.3731,72.1014,0.0581431,0.0802155
24,10,75.3731,71.3262,0.064391,0.0932861
24,11,75.3731,68.8581,0.0705975,0.0892868
24,12,75.3731,75.9542,0.0767629,0.101188
24,13,75.3731,69.8246,0.0828873,0.0999377
24,14,75.3731,71.0714,0.0889711,0.110871
24,15,75.3731,88.8393,0.0950146,0.113396
24,16,75.3731,72.3636,0.101018,0.120485
24,17,75.3731,67.6871,0.106982,0.126086
24,18,75.3731,83.9662,0.112905,0.123272
24,19,75.3731,85.4077,0.11879,0.121708
24,20,75.3731,74.5318,0.124636,0.125115
24,21,75.3731,83.2636,0.130443,0.141291
25,1,75.3731,72.8938,0.00663366,0.00744481
25,2,75.3731,85.7759,0.0132233,0.0130096
25,3,75.3731,76.2452,0.0197693,0.0220447
25,4,75.3731,75.9542,0.0262718,0.0275681
25,5,75.3731,77.7344,0.0327312,0.0303491
25,6,75.3731,78.3465,0.0391477,0.0372981
25,7,75.3731,82.5726,0.0455217,0.0404333
25,8,75.3731,73.7037,0.0518534,0.0450484
25,9,75.3731,67.2297,0.0581431,0.0485607
25,10,75.3731,83.6134,0.064391,0.0561592
25,11,75.3731,70.8185,0.0705975,0.0633674
25,12,75.3731,65.2459,0.0767629,0.0755761
25,13,75.3731,79.2829,0.0828873,0.0834868
25,14,75.3731,80.8943,0.0889711,0.0830408
25,15,75.3731,75.0943,0.0950146,0.089229
25,16,75.3731,76.5385,0.101018,0.100845
25,17,75.3731,71.0714,0.106982,0.105088
25,18,75.3731,72.3636,0.112905,0.115002
25,19,75.3731,73.7037,0.11879,0.124136
25,20,75.3731,72.8938,0.124636,0.126004
25,21,75.3731,77.1318,0.130443,0.124966
26,1,75.3731,65.6766,0.00663366,0.00688413
26,2,75.3731,65.2459,0.0132233,0.013898
26,3,75.3731,72.6277,0.0197693,0.0203523
26,4,75.3731,59.9398,0.0262718,0.0335064
26,5,75.3731,77.4319,0.0327312,0.0402747
26,6,75.3731,72.6277,0.0391477,0.049378
26,7,75.3731,72.3636,0.0455217,0.054207
26,8,75.3731,72.8938,0.0518534,0.0612414
26,9,75.3731,86.5217,0.0581431,0.0696227
26,10,75.3731,82.5726,0.064391,0.0783738
26,11,75.3731,62.3824,0.0705975,0.0838462
26,12,75.3731,80.8943,0.0767629,0.100998
26,13,75.3731,77.4319,0.0828873,0.113403
26,14,75.3731,72.8938,0.0889711,0.110608
26,15,75.3731,82.5726,0.0950146,0.120067
26,16,75.3731,73.7037,0.101018,0.123901
26,17,75.3731,74.5318,0.106982,0.127068
26,18,75.3731,81.893,0.112905,0.142772
26,19,75.3731,67.0034,0.11879,0.138903
26,20,75.3731,73.4317,0.124636,0.151006
26,21,75.3731,74.5318,0.130443,0.156677
27,1,75.3731,75.0943,0.00663366,0.00619232
27,2,75.3731,64.6104,0.0132233,0.0113713
27,3,75.3731,68.8581,0.0197693,0.0138959
27,4,75.3731,72.1014,0.0262718,0.0259896
27,5,75.3731,79.2829,0.0327312,0.0370089
27,6,75.3731,71.3262,0.0391477,0.0387466
27,7,75.3731,72.1014,0.0455217,0.052792
27,8,75.3731,75.0943,0.0518534,0.0595072
27,9,75.3731,70.0704,0.0581431,0.0619462
27,10,75.3731,71.8412,0.064391,0.0717132
27,11,75.3731,61.9938,0.0705975,0.0766739
27,12,75.3731,69.0972,0.0767629,0.0814011
27,13,75.3731,67.0034,0.0828873,0.0868712
27,14,75.3731,68.1507,0.0889711,0.0932939
27,15,75.3731,75.3788,0.0950146,0.100703
27,16,75.3731,80.8943,0.101018,0.104126
27,17,75.3731,77.1318,0.106982,0.121333
27,18,75.3731,71.5827,0.112905,0.124953
27,19,75.3731,70.318,0.11879,0.133054
27,20,75.3731,83.9662,0.124636,0.141918
27,21,75.3731,71.5827,0.130443,0.142085
28,1,75.3731,83.6134,0.00663366,0.00616938
28,2,75.3731,77.4319,0.0132233,0.013372
28,3,75.3731,73.9777,0.0197693,0.0158249
28,4,75.3731,75.0943,0.0262718,0.0226609
28,5,75.3731,70.318,0.0327312,0.0270317
28,6,75.3731,81.5574,0.0391477,0.0293047
28,7,75.3731,82.2314,0.0455217,0.0368837
28,8,75.3731,80.8943,0.0518534,0.037579
28,9,75.3731,74.5318,0.0581431,0.0433585
28,10,75.3731,70.5674,0.064391,0.0413846
28,11,75.3731,71.3262,0.0705975,0.0437571
28,12,75.3731,80.8943,0.0767629,0.0502212
28,13,75.3731,71.3262,0.0828873,0.0575842
28,14,75.3731,65.0327,0.0889711,0.0696001
28,15,75.3731,73.9777,0.0950146,0.0758652
28,16,75.3731,72.6277,0.101018,0.0834854
28,17,75.3731,73.9777,0.106982,0.0815959
28,18,75.3731,63.7821,0.112905,0.0827402
28,19,75.3731,81.2245,0.11879,0.0848797
28,20,75.3731,77.4319,0.124636,0.0875147
28,21,75.3731,76.834,0.130443,0.0948604
29,1,75.3731,77.7344,0.00663366,0.00726002
29,2,75.3731,83.2636,0.0132233,0.0162725
29,3,75.3731,78.9683,0.0197693,0.0204365
29,4,75.3731,78.3465,0.0262718,0.0275447
29,5,75.3731,70.5674,0.0327312,0.0372588
29,6,75.3731,65.0327,0.0391477,0.0449053
29,7,75.3731,77.4319,0.0455217,0.0504001
29,8,75.3731,84.322,0.0518534,0.0496977
29,9,75.3731,74.5318,0.0581431,0.0529898
29,10,75.3731,80.2419,0.064391,0.0560016
29,11,75.3731,67.0034,0.0705975,0.0680087
29,12,75.3731,86.1472,0.0767629,0.0670951
29,13,75.3731,66.3333,0.0828873,0.0768535
29,14,75.3731,64.4013,0.0889711,0.0871677
29,15,75.3731,71.3262,0.0950146,0.0895066
29,16,75.3731,86.8996,0.101018,0.0881256
29,17,75.3731,63.5783,0.106982,0.098539
29,18,75.3731,71.3262,0.112905,0.0985935
29,19,75.3731,78.9683,0.11879,0.107644
29,20,75.3731,74.5318,0.124636,0.117553
29,21,75.3731,75.0943,0.130443,0.126201
30,1,75.3731,70.0704,0.00663366,0.00755037
30,2,75.3731,76.834,0.0132233,0.014803
30,3,75.3731,81.893,0.0197693,0.0170233
30,4,75.3731,75.9542,0.0262718,0.0247708
30,5,75.3731,74.5318,0.0327312,0.0310195
30,6,75.3731,75.9542,0.0391477,0.0383181
30,7,75.3731,75.9542,0.0455217,0.0474641
30,8,75.3731,78.3465,0.0518534,0.0466503
30,9,75.3731,74.5318,0.0581431,0.0509468
30,10,75.3731,76.2452,0.064391,0.0569697
30,11,75.3731,76.5385,0.0705975,0.0668231
30,12,75.3731,65.4605,0.0767629,0.0804402
30,13,75.3731,83.9662,0.0828873,0.0808507
30,14,75.3731,82.9167,0.0889711,0.0842188
30,15,75.3731,69.8246,0.0950146,0.0916778
30,16,75.3731,78.0392,0.101018,0.0988473
30,17,75.3731,74.2537,0.106982,0.105272
30,18,75.3731,65.4605,0.112905,0.104072
30,19,75.3731,81.2245,0.11879,0.107067
30,20,75.3731,76.2452,0.124636,0.110626
30,21,75.3731,72.6277,0.130443,0.110974
31,1,75.3731,80.5668,0.00663366,0.00622828
31,2,75.3731,75.6654,0.0132233,0.0134036
31,3,75.3731,68.3849,0.0197693,0.0194482
31,4,75.3731,78.9683,0.0262718,0.0290632
31,5,75.3731,83.6134,0.0327312,0.0357074
31,6,75.3731,71.5827,0.0391477,0.0407267
31,7,75.3731,77.4319,0.0455217,0.047708
31,8,75.3731,79.9197,0.0518534,0.0518995
31,9,75.3731,72.1014,0.0581431,0.0500018
31,10,75.3731,64.8208,0.064391,0.0611099
31,11,75.3731,77.7344,0.0705975,0.0666142
31,12,75.3731,69.338,0.0767629,0.0779547
31,13,75.3731,79.9197,0.0828873,0.0882597
31,14,75.3731,71.5827,0.0889711,0.0913499
31,15,75.3731,72.8938,0.0950146,0.0979857
31,16,75.3731,61.2308,0.101018,0.0988453
31,17,75.3731,68.8581,0.106982,0.10677
31,18,75.3731,78.9683,0.112905,0.111603
31,19,75.3731,72.8938,0.11879,0.115274
31,20,75.3731,70.0704,0.124636,0.118458
31,21,75.3731,80.5668,0.130443,0.122323
32,1,75.3731,69.338,0.00663366,0.00687098
32,2,75.3731,74.5318,0.0132233,0.0126313
32,3,75.3731,79.6,0.0197693,0.0160964
32,4,75.3731,77.4319,0.0262718,0.0188687
32,5,75.3731,70.0704,0.0327312,0.0232496
32,6,75.3731,81.893,0.0391477,0.0268082
32,7,75.3731,77.1318,0.0455217,0.0326849
32,8,75.3731,75.3788,0.0518534,0.0391563
32,9,75.3731,74.2537,0.0581431,0.0501132
32,10,75.3731,77.4319,0.064391,0.057878
32,11,75.3731,82.5726,0.0705975,0.0697183
32,12,75.3731,83.6134,0.0767629,0.0818722
32,13,75.3731,75.9542,0.0828873,0.0826712
32,14,75.3731,60.4863,0.0889711,0.0870155
32,15,75.3731,82.9167,0.0950146,0.0921165
32,16,75.3731,75.0943,0.101018,0.0990343
32,17,75.3731,81.2245,0.106982,0.10594
32,18,75.3731,71.8412,0.112905,0.110136
32,19,75.3731,70.318,0.11879,0.102539
32,20,75.3731,71.3262,0.124636,0.101693
32,21,75.3731,72.1014,0.130443,0.101662
33,1,75.3731,81.893,0.00663366,0.00529326
33,2,75.3731,81.2245,0.0132233,0.0116503
33,3,75.3731,80.2419,0.0197693,0.0180216
33,4,75.3731,80.5668,0.0262718,0.0197178
33,5,75.3731,75.3788,0.0327312,0.0244018
33,6,75.3731,68.6207,0.0391477,0.037436
33,7,75.3731,72.8938,0.0455217,0.039572
33,8,75.3731,69.5804,0.0518534,0.044795
33,9,75.3731,67.4576,0.0581431,0.0557186
33,10,75.3731,73.1618,0.064391,0.0637135
33,11,75.3731,69.0972,0.0705975,0.0751676
33,12,75.3731,82.2314,0.0767629,0.0849158
33,13,75.3731,62.3824,0.0828873,0.0968417
33,14,75.3731,75.0943,0.0889711,0.121375
33,15,75.3731,81.893,0.0950146,0.128636
33,16,75.3731,69.5804,0.101018,0.136741
33,17,75.3731,81.5574,0.106982,0.143571
33,18,75.3731,68.8581,0.112905,0.139634
33,19,75.3731,79.9197,0.11879,0.149442
33,20,75.3731,84.6809,0.124636,0.157441
33,21,75.3731,80.8943,0.130443,0.171862
34,1,75.3731,75.3788,0.00663366,0.00715418
34,2,75.3731,75.6654,0.0132233,0.0124733
34,3,75.3731,67.6871,0.0197693,0.0183829
34,4,75.3731,86.1472,0.0262718,0.0243314
34,5,75.3731,65.894,0.0327312,0.0335165
34,6,75.3731,77.4319,0.0391477,0.0357767
34,7,75.3731,75.0943,0.0455217,0.0445133
34,8,75.3731,68.3849,0.0518534,0.0530674
34,9,75.3731,69.5804,0.0581431,0.0584929
34,10,75.3731,78.9683,0.064391,0.066121
34,11,75.3731,72.1014,0.0705975,0.0800656
34,12,75.3731,84.6809,0.0767629,0.0790799
34,13,75.3731,68.6207,0.0828873,0.0843992
34,14,75.3731,80.5668,0.0889711,0.083293
34,15,75.3731,72.8938,0.0950146,0.0956273
34,16,75.3731,73.1618,0.101018,0.104691
34,17,75.3731,73.1618,0.106982,0.112822
34,18,75.3731,81.2245,0.112905,0.128904
34,19,75.3731,71.0714,0.11879,0.126071
34,20,75.3731,78.3465,0.124636,0.125698
34,21,75.3731,72.6277,0.130443,0.131436
35,1,75.3731,78.6561,0.00663366,0.0072761
35,2,75.3731,72.1014,0.0132233,0.0156673
35,3,75.3731,69.8246,0.0197693,0.0239565
35,4,75.3731,61.8012,0.0262718,0.0345003
35,5,75.3731,79.9197,0.0327312,0.0360357
35,6,75.3731,67.6871,0.0391477,0.0426753
35,7,75.3731,76.834,0.0455217,0.0488201
35,8,75.3731,80.2419,0.0518534,0.0578596
35,9,75.3731,59.2262,0.0581431,0.0742165
35,10,75.3731,73.9777,0.064391,0.0798364
35,11,75.3731,78.9683,0.0705975,0.0840057
35,12,75.3731,80.2419,0.0767629,0.0815162
35,13,75.3731,85.7759,0.0828873,0.093411
35,14,75.3731,72.1014,0.0889711,0.100755
35,15,75.3731,68.8581,0.0950146,0.102059
35,16,75.3731,73.9777,0.101018,0.116675
35,17,75.3731,80.2419,0.106982,0.119795
35,18,75.3731,80.8943,0.112905,0.130303
35,19,75.3731,73.7037,0.11879,0.145427
35,20,75.3731,76.834,0.124636,0.14178
35,21,75.3731,70.0704,0.130443,0.152684
36,1,75.3731,75.6654,0.00663366,0.00639157
36,2,75.3731,75.9542,0.0132233,0.0136115
36,3,75.3731,74.812,0.0197693,0.0203305
36,4,75.3731,82.2314,0.0262718,0.0292487
36,5,75.3731,75.0943,0.0327312,0.0348584
36,6,75.3731,78.6561,0.0391477,0.0423052
36,7,75.3731,70.318,0.0455217,0.0500296
36,8,75.3731,78.0392,0.0518534,0.0573009
36,9,75.3731,77.7344,0.0581431,0.0664101
36,10,75.3731,78.9683,0.064391,0.0756858
36,11,75.3731,67.9181,0.0705975,0.0886292
36,12,75.3731,83.2636,0.0767629,0.0949257
36,13,75.3731,80.8943,0.0828873,0.103681
36,14,75.3731,74.2537,0.0889711,0.10533
36,15,75.3731,70.0704,0.0950146,0.105084
36,16,75.3731,77.7344,0.101018,0.121232
36,17,75.3731,80.2419,0.106982,0.133337
36,18,75.3731,69.5804,0.112905,0.147142
36,19,75.3731,73.4317,0.11879,0.148954
36,20,75.3731,63.3758,0.124636,0.155484
36,21,75.3731,75.6654,0.130443,0.163132
37,1,75.3731,65.6766,0.00663366,0.00722639
37,2,75.3731,75.0943,0.0132233,0.0163063
37,3,75.3731,77.7344,0.0197693,0.0206464
37,4,75.3731,74.5318,0.0262718,0.0275262
37,5,75.3731,78.9683,0.0327312,0.0389899
37,6,75.3731,81.893,0.0391477,0.0412625
37,7,75.3731,82.5726,0.0455217,0.0494312
37,8,75.3731,84.6809,0.0518534,0.0499243
37,9,75.3731,74.2537,0.0581431,0.0609121
37,10,75.3731,74.812,0.064391,0.0670862
37,11,75.3731,72.6277,0.0705975,0.0720749
37,12,75.3731,75.3788,0.0767629,0.0771852
37,13,75.3731,80.5668,0.0828873,0.0809352
37,14,75.3731,74.2537,0.0889711,0.0812875
37,15,75.3731,75.9542,0.0950146,0.0910692
37,16,75.3731,75.6654,0.101018,0.10244
37,17,75.3731,70.8185,0.106982,0.110753
37,18,75.3731,74.812,0.112905,0.119585
37,19,75.3731,77.4319,0.11879,0.127816
37,20,75.3731,79.9197,0.124636,0.132053
37,21,75.3731,82.9167,0.130443,0.139731
38,1,75.3731,63.3758,0.00663366,0.00527564
38,2,75.3731,73.9777,0.0132233,0.0135826
38,3,75.3731,65.894,0.0197693,0.0295925
38,4,75.3731,78.6561,0.0262718,0.0332702
38,5,75.3731,68.6207,0.0327312,0.0400873
38,6,75.3731,82.2314,0.0391477,0.0452507
38,7,75.3731,76.2452,0.0455217,0.0532877
38,8,75.3731,82.5726,0.0518534,0.060598
38,9,75.3731,81.2245,0.0581431,0.0727647
38,10,75.3731,84.6809,0.064391,0.0785283
38,11,75.3731,86.1472,0.0705975,0.0857488
38,12,75.3731,72.6277,0.0767629,0.0901707
38,13,75.3731,74.5318,0.0828873,0.0930737
38,14,75.3731,91.7051,0.0889711,0.0970911
38,15,75.3731,80.5668,0.0950146,0.0950618
38,16,75.3731,68.6207,0.101018,0.0958643
38,17,75.3731,84.322,0.106982,0.0953738
38,18,75.3731,78.0392,0.112905,0.101507
38,19,75.3731,74.5318,0.11879,0.107375
38,20,75.3731,71.5827,0.124636,0.116259
38,21,75.3731,77.4319,0.130443,0.116698
39,1,75.3731,79.9197,0.00663366,0.00714608
39,2,75.3731,75.6654,0.0132233,0.0118829
39,3,75.3731,78.0392,0.0197693,0.0175297
39,4,75.3731,74.812,0.0262718,0.0291271
39,5,75.3731,82.2314,0.0327312,0.0345122
39,6,75.3731,73.1618,0.0391477,0.0368082
39,7,75.3731,67.6871,0.0455217,0.0415837
39,8,75.3731,78.9683,0.0518534,0.0474361
39,9,75.3731,77.7344,0.0581431,0.0513521
39,10,75.3731,71.5827,0.064391,0.0570969
39,11,75.3731,80.5668,0.0705975,0.0606095
39,12,75.3731,71.8412,0.0767629,0.0651523
39,13,75.3731,74.5318,0.0828873,0.0619222
39,14,75.3731,69.5804,0.0889711,0.0717049
39,15,75.3731,75.6654,0.0950146,0.0712924
39,16,75.3731,75.9542,0.101018,0.0783929
39,17,75.3731,82.2314,0.106982,0.0842462
39,18,75.3731,78.9683,0.112905,0.0885099
39,19,75.3731,75.6654,0.11879,0.0999955
39,20,75.3731,66.113,0.124636,0.11421
39,21,75.3731,78.0392,0.130443,0.119504
40,1,75.3731,73.9777,0.00663366,0.00715458
40,2,75.3731,64.1935,0.0132233,0.0147705
40,3,75.3731,73.1618,0.0197693,0.0248313
40,4,75.3731,75.3788,0.0262718,0.0304386
40,5,75.3731,75.9542,0.0327312,0.0341626
40,6,75.3731,75.6654,0.0391477,0.0375503
40,7,75.3731,77.1318,0.0455217,0.0438267
40,8,75.3731,74.812,0.0518534,0.0545117
40,9,75.3731,71.0714,0.0581431,0.050248
40,10,75.3731,70.318,0.064391,0.0555613
40,11,75.3731,72.3636,0.0705975,0.0632625
40,12,75.3731,77.1318,0.0767629,0.0679506
40,13,75.3731,78.3465,0.0828873,0.0757964
40,14,75.3731,85.7759,0.0889711,0.0849832
40,15,75.3731,76.5385,0.0950146,0.0906016
40,16,75.3731,78.9683,0.101018,0.0922356
40,17,75.3731,76.2452,0.106982,0.0998582
40,18,75.3731,79.6,0.112905,0.109179
40,19,75.3731,72.3636,0.11879,0.113555
40,20,75.3731,71.8412,0.124636,0.121721
40,21,75.3731,75.0943,0.130443,0.128694
41,1,75.3731,66.7785,0.00663366,0.00660904
41,2,75.3731,73.4317,0.0132233,0.0144687
41,3,75.3731,75.0943,0.0197693,0.0159637
41,4,75.3731,80.2419,0.0262718,0.0221783
41,5,75.3731,75.3788,0.0327312,0.0266933
41,6,75.3731,62.5786,0.0391477,0.0315602
41,7,75.3731,70.8185,0.0455217,0.0399729
41,8,75.3731,71.0714,0.0518534,0.0433867
41,9,75.3731,71.0714,0.0581431,0.0508225
41,10,75.3731,81.5574,0.064391,0.0570264
41,11,75.3731,74.2537,0.0705975,0.0622813
41,12,75.3731,76.2452,0.0767629,0.0699164
41,13,75.3731,71.8412,0.0828873,0.0708909
41,14,75.3731,73.9777,0.0889711,0.0760477
41,15,75.3731,73.9777,0.0950146,0.085197
41,16,75.3731,81.2245,0.101018,0.0918584
41,17,75.3731,68.8581,0.106982,0.0949069
41,18,75.3731,79.6,0.112905,0.103211
41,19,75.3731,71.0714,0.11879,0.105252
41,20,75.3731,71.5827,0.124636,0.118043
41,21,75.3731,83.2636,0.130443,0.121039
42,1,75.3731,65.4605,0.00663366,0.00605161
42,2,75.3731,75.0943,0.0132233,0.0112954
42,3,75.3731,78.6561,0.0197693,0.0171935
42,4,75.3731,88.8393,0.0262718,0.0218433
42,5,75.3731,91.2844,0.0327312,0.0295927
42,6,75.3731,76.5385,0.0391477,0.0365519
42,7,75.3731,71.5827,0.0455217,0.0426397
42,8,75.3731,78.3465,0.0518534,0.0493866
42,9,75.3731,70.5674,0.0581431,0.0672523
42,10,75.3731,75.0943,0.064391,0.0765743
42,11,75.3731,88.4444,0.0705975,0.0763821
42,12,75.3731,73.1618,0.0767629,0.0776871
42,13,75.3731,81.2245,0.0828873,0.08309
42,14,75.3731,76.5385,0.0889711,0.0929801
42,15,75.3731,79.2829,0.0950146,0.0959125
42,16,75.3731,79.9197,0.101018,0.0967028
42,17,75.3731,72.8938,0.106982,0.10601
42,18,75.3731,71.8412,0.112905,0.119231
42,19,75.3731,71.0714,0.11879,0.13079
42,20,75.3731,74.5318,0.124636,0.127969
42,21,75.3731,80.5668,0.130443,0.121577
43,1,75.3731,83.6134,0.00663366,0.00627673
43,2,75.3731,83.2636,0.0132233,0.0127613
43,3,75.3731,70.8185,0.0197693,0.0200147
43,4,75.3731,74.5318,0.0262718,0.0232992
43,5,75.3731,73.9777,0.0327312,0.0328671
43,6,75.3731,88.0531,0.0391477,0.0386419
43,7,75.3731,75.3788,0.0455217,0.0454368
43,8,75.3731,78.6561,0.0518534,0.0535572
43,9,75.3731,74.5318,0.0581431,0.0592655
43,10,75.3731,73.7037,0.064391,0.0594332
43,11,75.3731,81.2245,0.0705975,0.0689213
43,12,75.3731,80.5668,0.0767629,0.0749691
43,13,75.3731,85.0427,0.0828873,0.0808704
43,14,75.3731,74.812,0.0889711,0.0947553
43,15,75.3731,80.2419,0.0950146,0.102085
43,16,75.3731,87.6652,0.101018,0.11475
43,17,75.3731,79.2829,0.106982,0.121052
43,18,75.3731,83.2636,0.112905,0.120777
43,19,75.3731,75.3788,0.11879,0.128186
43,20,75.3731,83.2636,0.124636,0.133032
43,21,75.3731,75.0943,0.130443,0.132327
44,1,75.3731,75.6654,0.00663366,0.00688048
44,2,75.3731,63.5783,0.0132233,0.0107888
44,3,75.3731,81.5574,0.0197693,0.0148086
44,4,75.3731,76.834,0.0262718,0.018416
44,5,75.3731,69.8246,0.0327312,0.0252577
44,6,75.3731,67.6871,0.0391477,0.0302692
44,7,75.3731,73.4317,0.0455217,0.0332933
44,8,75.3731,79.6,0.0518534,0.0452706
44,9,75.3731,77.4319,0.0581431,0.0575895
44,10,75.3731,72.8938,0.064391,0.0616413
44,11,75.3731,78.3465,0.0705975,0.0704921
44,12,75.3731,72.8938,0.0767629,0.0779531
44,13,75.3731,76.834,0.0828873,0.0939219
44,14,75.3731,74.5318,0.0889711,0.102541
44,15,75.3731,78.3465,0.0950146,0.115361
44,16,75.3731,74.812,0.101018,0.120572
44,17,75.3731,71.3262,0.106982,0.132297
44,18,75.3731,76.2452,0.112905,0.133214
44,19,75.3731,78.0392,0.11879,0.141429
44,20,75.3731,85.7759,0.124636,0.146084
44,21,75.3731,66.7785,0.130443,0.141758
45,1,75.3731,69.8246,0.00663366,0.00596448
45,2,75.3731,70.0704,0.0132233,0.0132587
45,3,75.3731,70.8185,0.0197693,0.0241032
45,4,75.3731,64.8208,0.0262718,0.0307234
45,5,75.3731,77.4319,0.0327312,0.0381407
45,6,75.3731,82.2314,0.0391477,0.0407274
45,7,75.3731,84.6809,0.0455217,0.0465021
45,8,75.3731,85.7759,0.0518534,0.0514657
45,9,75.3731,71.3262,0.0581431,0.0641863
45,10,75.3731,81.893,0.064391,0.0658806
45,11,75.3731,81.2245,0.0705975,0.0711665
45,12,75.3731,88.0531,0.0767629,0.0770858
45,13,75.3731,74.812,0.0828873,0.0849103
45,14,75.3731,78.0392,0.0889711,0.0983581
45,15,75.3731,74.5318,0.0950146,0.0979633
45,16,75.3731,83.6134,0.101018,0.110057
45,17,75.3731,82.5726,0.106982,0.113054
45,18,75.3731,79.2829,0.112905,0.120928
45,19,75.3731,75.6654,0.11879,0.123161
45,20,75.3731,79.6,0.124636,0.128153
45,21,75.3731,84.6809,0.130443,0.122975
46,1,75.3731,81.5574,0.00663366,0.00449879
46,2,75.3731,83.9662,0.0132233,0.00961378
46,3,75.3731,78.6561,0.0197693,0.0177011
46,4,75.3731,71.0714,0.0262718,0.0220985
46,5,75.3731,78.0392,0.0327312,0.027886
46,6,75.3731,78.6561,0.0391477,0.0366422
46,7,75.3731,72.3636,0.0455217,0.0404784
46,8,75.3731,75.6654,0.0518534,0.0402085
46,9,75.3731,78.3465,0.0581431,0.0455985
46,10,75.3731,72.8938,0.064391,0.0607948
46,11,75.3731,71.0714,0.0705975,0.0628296
46,12,75.3731,78.0392,0.0767629,0.068399
46,13,75.3731,66.7785,0.0828873,0.0734341
46,14,75.3731,72.8938,0.0889711,0.0879435
46,15,75.3731,85.4077,0.0950146,0.0837891
46,16,75.3731,74.5318,0.101018,0.0842998
46,17,75.3731,79.2829,0.106982,0.0960124
46,18,75.3731,77.4319,0.112905,0.0965553
46,19,75.3731,76.5385,0.11879,0.102412
46,20,75.3731,87.2807,0.124636,0.101737
46,21,75.3731,76.2452,0.130443,0.100937
47,1,75.3731,85.0427,0.00663366,0.00548637
47,2,75.3731,70.8185,0.0132233,0.0144746
47,3,75.3731,74.5318,0.0197693,0.0188452
47,4,75.3731,74.812,0.0262718,0.0269128
47,5,75.3731,80.5668,0.0327312,0.0364223
47,6,75.3731,79.9197,0.0391477,0.0480275
47,7,75.3731,73.9777,0.0455217,0.0490009
47,8,75.3731,72.3636,0.0518534,0.0548693
47,9,75.3731,69.8246,0.0581431,0.0615975
47,10,75.3731,70.0704,0.064391,0.0613457
47,11,75.3731,73.7037,0.0705975,0.063604
47,12,75.3731,73.9777,0.0767629,0.0690444
47,13,75.3731,79.6,0.0828873,0.0747955
47,14,75.3731,80.8943,0.0889711,0.0790045
47,15,75.3731,76.5385,0.0950146,0.0856222
47,16,75.3731,82.5726,0.101018,0.091242
47,17,75.3731,79.9197,0.106982,0.104023
47,18,75.3731,76.834,0.112905,0.107182
47,19,75.3731,78.3465,0.11879,0.107429
47,20,75.3731,72.1014,0.124636,0.113015
47,21,75.3731,68.1507,0.130443,0.124225
48,1,75.3731,80.2419,0.00663366,0.00800094
48,2,75.3731,73.7037,0.0132233,0.0170832
48,3,75.3731,68.6207,0.0197693,0.0253967
48,4,75.3731,72.3636,0.0262718,0.0317986
48,5,75.3731,87.2807,0.0327312,0.0395349
48,6,75.3731,72.6277,0.0391477,0.0461097
48,7,75.3731,80.8943,0.0455217,0.0489062
48,8,75.3731,72.1014,0.0518534,0.0571723
48,9,75.3731,62.776,0.0581431,0.060327
48,10,75.3731,78.0392,0.064391,0.0709804
48,11,75.3731,73.4317,0.0705975,0.0784497
48,12,75.3731,72.8938,0.0767629,0.0823525
48,13,75.3731,77.1318,0.0828873,0.0927105
48,14,75.3731,83.2636,0.0889711,0.105171
48,15,75.3731,74.2537,0.0950146,0.109673
48,16,75.3731,61.9938,0.101018,0.122862
48,17,75.3731,78.3465,0.106982,0.121389
48,18,75.3731,78.9683,0.112905,0.12922
48,19,75.3731,74.2537,0.11879,0.140438
48,20,75.3731,63.9871,0.124636,0.150276
48,21,75.3731,64.1935,0.130443,0.163643
49,1,75.3731,90.0452,0.00663366,0.00726083
49,2,75.3731,81.2245,0.0132233,0.0130017
49,3,75.3731,73.9777,0.0197693,0.0209627
49,4,75.3731,68.3849,0.0262718,0.0310149
49,5,75.3731,77.1318,0.0327312,0.0407244
49,6,75.3731,82.9167,0.0391477,0.0495918
49,7,75.3731,72.1014,0.0455217,0.0608645
49,8,75.3731,85.7759,0.0518534,0.0714095
49,9,75.3731,80.8943,0.0581431,0.0816107
49,10,75.3731,87.6652,0.064391,0.085282
49,11,75.3731,75.6654,0.0705975,0.0850579
49,12,75.3731,83.9662,0.0767629,0.0928357
49,13,75.3731,77.7344,0.0828873,0.0928852
49,14,75.3731,75.6654,0.0889711,0.100298
49,15,75.3731,69.0972,0.0950146,0.102642
49,16,75.3731,68.6207,0.101018,0.110218
49,17,75.3731,68.3849,0.106982,0.112568
49,18,75.3731,68.1507,0.112905,0.121087
49,19,75.3731,80.8943,0.11879,0.121181
49,20,75.3731,77.4319,0.124636,0.127011
49,21,75.3731,82.5726,0.130443,0.13635
50,1,75.3731,59.5808,0.00663366,0.00637726
50,2,75.3731,78.6561,0.0132233,0.0113593
50,3,75.3731,78.3465,0.0197693,0.0191765
50,4,75.3731,68.3849,0.0262718,0.0263871
50,5,75.3731,69.338,0.0327312,0.0363183
50,6,75.3731,76.834,0.0391477,0.0474269
50,7,75.3731,82.2314,0.0455217,0.0486653
50,8,75.3731,68.3849,0.0518534,0.0619915
50,9,75.3731,72.8938,0.0581431,0.0730278
50,10,75.3731,81.5574,0.064391,0.0773736
50,11,75.3731,78.6561,0.0705975,0.0827493
50,12,75.3731,67.9181,0.0767629,0.0880727
50,13,75.3731,71.3262,0.0828873,0.0930348
50,14,75.3731,71.3262,0.0889711,0.0958162
50,15,75.3731,65.6766,0.0950146,0.101243
50,16,75.3731,76.5385,0.101018,0.10747
50,17,75.3731,73.4317,0.106982,0.113625
50,18,75.3731,85.0427,0.112905,0.112599
50,19,75.3731,78.0392,0.11879,0.115067
50,20,75.3731,72.3636,0.124636,0.119493
50,21,75.3731,74.5318,0.130443,0.122422
51,1,75.3731,76.2452,0.00663366,0.00603779
51,2,75.3731,69.8246,0.0132233,0.0149568
51,3,75.3731,78.9683,0.0197693,0.0222012
51,4,75.3731,72.8938,0.0262718,0.029334
51,5,75.3731,83.6134,0.0327312,0.0350933
51,6,75.3731,69.0972,0.0391477,0.0400127
51,7,75.3731,73.9777,0.0455217,0.0482654
51,8,75.3731,77.1318,0.0518534,0.0506544
51,9,75.3731,82.9167,0.0581431,0.0558481
51,10,75.3731,71.8412,0.064391,0.0615389
51,11,75.3731,65.2459,0.0705975,0.0662818
51,12,75.3731,73.7037,0.0767629,0.0725809
51,13,75.3731,77.1318,0.0828873,0.0761982
51,14,75.3731,82.2314,0.0889711,0.0875239
51,15,75.3731,81.893,0.0950146,0.0935178
51,16,75.3731,89.6396,0.101018,0.102579
51,17,75.3731,68.6207,0.106982,0.109242
51,18,75.3731,86.1472,0.112905,0.116926
51,19,75.3731,75.6654,0.11879,0.117831
51,20,75.3731,76.834,0.124636,0.122725
51,21,75.3731,74.812,0.130443,0.135552
52,1,75.3731,70.8185,0.00663366,0.00778599
52,2,75.3731,74.2537,0.0132233,0.0183768
52,3,75.3731,75.9542,0.0197693,0.023001
52,4,75.3731,77.4319,0.0262718,0.0266337
52,5,75.3731,89.2377,0.0327312,0.0298749
52,6,75.3731,78.3465,0.0391477,0.0357808
52,7,75.3731,74.2537,0.0455217,0.0398532
52,8,75.3731,72.6277,0.0518534,0.047581
52,9,75.3731,82.2314,0.0581431,0.0486713
52,10,75.3731,78.3465,0.064391,0.0530517
52,11,75.3731,73.1618,0.0705975,0.0551404
52,12,75.3731,71.5827,0.0767629,0.0610298
52,13,75.3731,74.5318,0.0828873,0.0707278
52,14,75.3731,69.5804,0.0889711,0.079071
52,15,75.3731,81.2245,0.0950146,0.0879789
52,16,75.3731,81.2245,0.101018,0.0965423
52,17,75.3731,58.1871,0.106982,0.116992
52,18,75.3731,64.1935,0.112905,0.120784
52,19,75.3731,75.3788,0.11879,0.127885
52,20,75.3731,68.6207,0.124636,0.141019
52,21,75.3731,76.834,0.130443,0.145905
53,1,75.3731,75.6654,0.00663366,0.0058419
53,2,75.3731,75.3788,0.0132233,0.0131644
53,3,75.3731,76.834,0.0197693,0.0209869
53,4,75.3731,63.3758,0.0262718,0.027722
53,5,75.3731,72.1014,0.0327312,0.0309437
53,6,75.3731,75.9542,0.0391477,0.0353423
53,7,75.3731,65.894,0.0455217,0.0412304
53,8,75.3731,78.3465,0.0518534,0.0465546
53,9,75.3731,62.9747,0.0581431,0.0484846
53,10,75.3731,86.5217,0.064391,0.0517718
53,11,75.3731,71.3262,0.0705975,0.0593111
53,12,75.3731,89.6396,0.0767629,0.0653333
53,13,75.3731,70.318,0.0828873,0.0697007
53,14,75.3731,80.8943,0.0889711,0.0791263
53,15,75.3731,78.3465,0.0950146,0.0873348
53,16,75.3731,64.1935,0.101018,0.0889168
53,17,75.3731,66.5552,0.106982,0.0953934
53,18,75.3731,78.0392,0.112905,0.0987869
53,19,75.3731,67.6871,0.11879,0.103049
53,20,75.3731,71.8412,0.124636,0.117517
53,21,75.3731,82.5726,0.130443,0.116492
54,1,75.3731,84.322,0.00663366,0.00446929
54,2,75.3731,70.8185,0.0132233,0.0118473
54,3,75.3731,77.1318,0.0197693,0.0157549
54,4,75.3731,72.1014,0.0262718,0.022492
54,5,75.3731,71.5827,0.0327312,0.0278213
54,6,75.3731,86.8996,0.0391477,0.0322181
54,7,75.3731,75.9542,0.0455217,0.0438127
54,8,75.3731,72.8938,0.0518534,0.0557777
54,9,75.3731,68.6207,0.0581431,0.0528209
54,10,75.3731,76.5385,0.064391,0.0620012
54,11,75.3731,73.7037,0.0705975,0.0642297
54,12,75.3731,89.6396,0.0767629,0.0706224
54,13,75.3731,65.894,0.0828873,0.0725672
54,14,75.3731,86.5217,0.0889711,0.0769653
54,15,75.3731,70.5674,0.0950146,0.0758157
54,16,75.3731,79.6,0.101018,0.0855386
54,17,75.3731,78.3465,0.106982,0.0910083
54,18,75.3731,65.6766,0.112905,0.0961355
54,19,75.3731,79.6,0.11879,0.107424
54,20,75.3731,69.8246,0.124636,0.117637
54,21,75.3731,83.6134,0.130443,0.130136
55,1,75.3731,77.1318,0.00663366,0.00692867
55,2,75.3731,65.2459,0.0132233,0.0177593
55,3,75.3731,72.3636,0.0197693,0.0309061
55,4,75.3731,83.6134,0.0262718,0.0354012
55,5,75.3731,67.0034,0.0327312,0.047138
55,6,75.3731,88.4444,0.0391477,0.057041
55,7,75.3731,71.0714,0.0455217,0.0610184
55,8,75.3731,78.6561,0.0518534,0.0683128
55,9,75.3731,83.6134,0.0581431,0.0715473
55,10,75.3731,74.5318,0.064391,0.0742263
55,11,75.3731,77.4319,0.0705975,0.0885565
55,12,75.3731,82.9167,0.0767629,0.0964457
55,13,75.3731,93.4272,0.0828873,0.0988955
55,14,75.3731,77.4319,0.0889711,0.0996502
55,15,75.3731,80.2419,0.0950146,0.097701
55,16,75.3731,72.6277,0.101018,0.10541
55,17,75.3731,72.8938,0.106982,0.109753
55,18,75.3731,80.8943,0.112905,0.122615
55,19,75.3731,87.6652,0.11879,0.134083
55,20,75.3731,82.2314,0.124636,0.139208
55,21,75.3731,73.9777,0.130443,0.161508
56,1,75.3731,77.7344,0.00663366,0.00794522
56,2,75.3731,77.7344,0.0132233,0.0168789
56,3,75.3731,65.4605,0.0197693,0.0275612
56,4,75.3731,71.8412,0.0262718,0.0349493
56,5,75.3731,64.8208,0.0327312,0.0443328
56,6,75.3731,74.812,0.0391477,0.0426102
56,7,75.3731,72.3636,0.0455217,0.0500017
56,8,75.3731,67.9181,0.0518534,0.0591051
56,9,75.3731,79.6,0.0581431,0.0627803
56,10,75.3731,85.0427,0.064391,0.0698341
56,11,75.3731,79.9197,0.0705975,0.0751729
56,12,75.3731,80.2419,0.0767629,0.0837627
56,13,75.3731,67.4576,0.0828873,0.0893432
56,14,75.3731,70.5674,0.0889711,0.0958214
56,15,75.3731,83.2636,0.0950146,0.1032
56,16,75.3731,79.9197,0.101018,0.115104
56,17,75.3731,74.812,0.106982,0.121139
56,18,75.3731,68.8581,0.112905,0.135729
56,19,75.3731,79.9197,0.11879,0.143751
56,20,75.3731,72.8938,0.124636,0.158368
56,21,75.3731,74.5318,0.130443,0.167484
57,1,75.3731,71.0714,0.00663366,0.0087834
57,2,75.3731,71.3262,0.0132233,0.0152581
57,3,75.3731,72.3636,0.0197693,0.0199719
57,4,75.3731,69.5804,0.0262718,0.0278139
57,5,75.3731,77.7344,0.0327312,0.0353499
57,6,75.3731,75.9542,0.0391477,0.0457326
57,7,75.3731,72.3636,0.0455217,0.0512892
57,8,75.3731,85.7759,0.0518534,0.0546579
57,9,75.3731,71.8412,0.0581431,0.0643328
57,10,75.3731,75.6654,0.064391,0.0726693
57,11,75.3731,75.9542,0.0705975,0.0815243
57,12,75.3731,63.9871,0.0767629,0.0880668
57,13,75.3731,75.9542,0.0828873,0.0951362
57,14,75.3731,78.6561,0.0889711,0.0959956
57,15,75.3731,83.9662,0.0950146,0.102208
57,16,75.3731,75.9542,0.101018,0.102258
57,17,75.3731,75.0943,0.106982,0.107277
57,18,75.3731,78.6561,0.112905,0.113635
57,19,75.3731,69.0972,0.11879,0.112532
57,20,75.3731,73.9777,0.124636,0.124803
57,21,75.3731,78.9683,0.130443,0.133471
58,1,75.3731,71.8412,0.00663366,0.00635644
58,2,75.3731,70.5674,0.0132233,0.0157257
58,3,75.3731,74.5318,0.0197693,0.0252582
58,4,75.3731,81.893,0.0262718,0.0292569
58,5,75.3731,76.834,0.0327312,0.0368918
58,6,75.3731,74.2537,0.0391477,0.0397558
58,7,75.3731,65.0327,0.0455217,0.0492386
58,8,75.3731,70.318,0.0518534,0.0524269
58,9,75.3731,75.9542,0.0581431,0.0552873
58,10,75.3731,73.7037,0.064391,0.0654786
58,11,75.3731,72.1014,0.0705975,0.0763649
58,12,75.3731,80.5668,0.0767629,0.0754498
58,13,75.3731,73.1618,0.0828873,0.0795398
58,14,75.3731,84.6809,0.0889711,0.0752925
58,15,75.3731,85.4077,0.0950146,0.0820487
58,16,75.3731,81.893,0.101018,0.0909317
58,17,75.3731,68.1507,0.106982,0.101838
58,18,75.3731,76.834,0.112905,0.112564
58,19,75.3731,70.0704,0.11879,0.116951
58,20,75.3731,74.812,0.124636,0.126464
58,21,75.3731,78.9683,0.130443,0.123584
59,1,75.3731,78.9683,0.00663366,0.00462294
59,2,75.3731,72.1014,0.0132233,0.0111133
59,3,75.3731,76.5385,0.0197693,0.0165834
59,4,75.3731,74.2537,0.0262718,0.0222537
59,5,75.3731,72.6277,0.0327312,0.0294895
59,6,75.3731,72.1014,0.0391477,0.0392138
59,7,75.3731,72.8938,0.0455217,0.0475704
59,8,75.3731,64.4013,0.0518534,0.0515787
59,9,75.3731,67.4576,0.0581431,0.059171
59,10,75.3731,82.9167,0.064391,0.0611585
59,11,75.3731,71.8412,0.0705975,0.0651656
59,12,75.3731,68.8581,0.0767629,0.0749161
59,13,75.3731,78.0392,0.0828873,0.0838141
59,14,75.3731,74.2537,0.0889711,0.0951676
59,15,75.3731,83.9662,0.0950146,0.105482
59,16,75.3731,80.5668,0.101018,0.105655
59,17,75.3731,73.9777,0.106982,0.112407
59,18,75.3731,86.8996,0.112905,0.113444
59,19,75.3731,72.3636,0.11879,0.118866
59,20,75.3731,72.6277,0.124636,0.120925
59,21,75.3731,70.5674,0.130443,0.126014
60,1,75.3731,74.812,0.00663366,0.00622217
60,2,75.3731,79.2829,0.0132233,0.0126718
60,3,75.3731,78.9683,0.0197693,0.0172687
60,4,75.3731,76.2452,0.0262718,0.021221
60,5,75.3731,74.5318,0.0327312,0.0240154
60,6,75.3731,68.3849,0.0391477,0.0308095
60,7,75.3731,79.2829,0.0455217,0.0325992
60,8,75.3731,73.4317,0.0518534,0.0406261
60,9,75.3731,75.3788,0.0581431,0.0447577
60,10,75.3731,65.0327,0.064391,0.0498195
60,11,75.3731,83.9662,0.0705975,0.057207
60,12,75.3731,82.9167,0.0767629,0.0601191
60,13,75.3731,78.3465,0.0828873,0.0653286
60,14,75.3731,75.9542,0.0889711,0.0710824
60,15,75.3731,73.1618,0.0950146,0.0684858
60,16,75.3731,68.3849,0.101018,0.0780441
60,17,75.3731,82.2314,0.106982,0.0776603
60,18,75.3731,65.2459,0.112905,0.0802475
60,19,75.3731,76.2452,0.11879,0.0834877
60,20,75.3731,76.834,0.124636,0.0877937
60,21,75.3731,74.5318,0.130443,0.0917254
61,1,75.3731,85.4077,0.00663366,0.00565287
61,2,75.3731,76.5385,0.0132233,0.0133654
61,3,75.3731,81.2245,0.0197693,0.0220493
61,4,75.3731,80.2419,0.0262718,0.0243841
61,5,75.3731,72.1014,0.0327312,0.0305618
61,6,75.3731,69.338,0.0391477,0.042315
61,7,75.3731,71.5827,0.0455217,0.0501228
61,8,75.3731,66.113,0.0518534,0.0614099
61,9,75.3731,77.7344,0.0581431,0.060905
61,10,75.3731,84.6809,0.064391,0.069076
61,11,75.3731,73.7037,0.0705975,0.0759218
61,12,75.3731,65.2459,0.0767629,0.0867622
61,13,75.3731,69.8246,0.0828873,0.100192
61,14,75.3731,76.5385,0.0889711,0.107461
61,15,75.3731,72.6277,0.0950146,0.112393
61,16,75.3731,76.2452,0.101018,0.120153
61,17,75.3731,72.8938,0.106982,0.120166
61,18,75.3731,71.0714,0.112905,0.121298
61,19,75.3731,75.3788,0.11879,0.124029
61,20,75.3731,74.5318,0.124636,0.136119
61,21,75.3731,75.0943,0.130443,0.137839
62,1,75.3731,78.6561,0.00663366,0.00511253
62,2,75.3731,74.5318,0.0132233,0.0147008
62,3,75.3731,81.5574,0.0197693,0.0184369
62,4,75.3731,68.8581,0.0262718,0.0203951
62,5,75.3731,70.5674,0.0327312,0.0238818
62,6,75.3731,72.1014,0.0391477,0.0301475
62,7,75.3731,76.834,0.0455217,0.0409775
62,8,75.3731,73.1618,0.0518534,0.049872
62,9,75.3731,69.5804,0.0581431,0.0584986
62,10,75.3731,87.2807,0.064391,0.0624848
62,11,75.3731,73.9777,0.0705975,0.0741712
62,12,75.3731,84.6809,0.0767629,0.0877495
62,13,75.3731,79.9197,0.0828873,0.096381
62,14,75.3731,71.8412,0.0889711,0.102551
62,15,75.3731,77.1318,0.0950146,0.101889
62,16,75.3731,78.9683,0.101018,0.104769
62,17,75.3731,68.6207,0.106982,0.108342
62,18,75.3731,73.7037,0.112905,0.111721
62,19,75.3731,73.4317,0.11879,0.117778
62,20,75.3731,69.0972,0.124636,0.119918
62,21,75.3731,68.8581,0.130443,0.123772
63,1,75.3731,82.9167,0.00663366,0.00541904
63,2,75.3731,71.5827,0.0132233,0.0102025
63,3,75.3731,77.4319,0.0197693,0.0143185
63,4,75.3731,68.3849,0.0262718,0.0238212
63,5,75.3731,74.812,0.0327312,0.0294872
63,6,75.3731,81.5574,0.0391477,0.034467
63,7,75.3731,88.0531,0.0455217,0.0413126
63,8,75.3731,67.2297,0.0518534,0.0524562
63,9,75.3731,72.1014,0.0581431,0.0563767
63,10,75.3731,70.5674,0.064391,0.0620537
63,11,75.3731,75.3788,0.0705975,0.0657435
63,12,75.3731,75.3788,0.0767629,0.0718066
63,13,75.3731,74.812,0.0828873,0.0817422
63,14,75.3731,82.5726,0.0889711,0.0835447
63,15,75.3731,80.5668,0.0950146,0.0871811
63,16,75.3731,75.9542,0.101018,0.0927381
63,17,75.3731,70.0704,0.106982,0.0978144
63,18,75.3731,87.6652,0.112905,0.0999471
63,19,75.3731,81.5574,0.11879,0.108474
63,20,75.3731,75.9542,0.124636,0.109188
63,21,75.3731,81.5574,0.130443,0.112076
64,1,75.3731,73.9777,0.00663366,0.0056436
64,2,75.3731,76.5385,0.0132233,0.0119401
64,3,75.3731,75.3788,0.0197693,0.016384
64,4,75.3731,86.1472,0.0262718,0.0236676
64,5,75.3731,65.4605,0.0327312,0.0274472
64,6,75.3731,76.5385,0.0391477,0.0342383
64,7,75.3731,82.5726,0.0455217,0.038062
64,8,75.3731,72.3636,0.0518534,0.0432796
64,9,75.3731,78.3465,0.0581431,0.0486639
64,10,75.3731,65.6766,0.064391,0.0601677
64,11,75.3731,74.5318,0.0705975,0.0699564
64,12,75.3731,76.834,0.0767629,0.0732189
64,13,75.3731,66.5552,0.0828873,0.088204
64,14,75.3731,67.9181,0.0889711,0.0962905
64,15,75.3731,81.893,0.0950146,0.0988216
64,16,75.3731,68.8581,0.101018,0.105497
64,17,75.3731,81.2245,0.106982,0.107048
64,18,75.3731,77.4319,0.112905,0.115744
64,19,75.3731,75.3788,0.11879,0.129167
64,20,75.3731,76.5385,0.124636,0.136255
64,21,75.3731,85.0427,0.130443,0.146687
65,1,75.3731,77.4319,0.00663366,0.00745528
65,2,75.3731,75.6654,0.0132233,0.014518
65,3,75.3731,74.812,0.0197693,0.0197089
65,4,75.3731,79.6,0.0262718,0.024596
65,5,75.3731,71.8412,0.0327312,0.0325192
65,6,75.3731,73.7037,0.0391477,0.0463709
65,7,75.3731,76.834,0.0455217,0.0520804
65,8,75.3731,84.322,0.0518534,0.0531175
65,9,75.3731,78.3465,0.0581431,0.0548423
65,10,75.3731,77.4319,0.064391,0.0644124
65,11,75.3731,77.1318,0.0705975,0.068452
65,12,75.3731,92.5581,0.0767629,0.0740127
65,13,75.3731,70.8185,0.0828873,0.0788597
65,14,75.3731,75.3788,0.0889711,0.0849343
65,15,75.3731,84.6809,0.0950146,0.0892309
65,16,75.3731,82.2314,0.101018,0.0957516
65,17,75.3731,67.9181,0.106982,0.107484
65,18,75.3731,60.1208,0.112905,0.129609
65,19,75.3731,84.322,0.11879,0.134198
65,20,75.3731,75.9542,0.124636,0.134861
65,21,75.3731,79.6,0.130443,0.14428
66,1,75.3731,82.9167,0.00663366,0.00521018
66,2,75.3731,65.4605,0.0132233,0.0122609
66,3,75.3731,76.5385,0.0197693,0.0146927
66,4,75.3731,66.7785,0.0262718,0.0226403
66,5,75.3731,75.6654,0.0327312,0.0284279
66,6,75.3731,78.6561,0.0391477,0.0322811
66,7,75.3731,79.2829,0.0455217,0.0327629
66,8,75.3731,75.6654,0.0518534,0.0442801
66,9,75.3731,80.2419,0.0581431,0.0529964
66,10,75.3731,75.3788,0.064391,0.0607665
66,11,75.3731,74.2537,0.0705975,0.0626241
66,12,75.3731,84.6809,0.0767629,0.0674688
66,13,75.3731,81.893,0.0828873,0.0691077
66,14,75.3731,82.5726,0.0889711,0.0807169
66,15,75.3731,76.834,0.0950146,0.0922745
66,16,75.3731,77.4319,0.101018,0.10193
66,17,75.3731,78.3465,0.106982,0.109276
66,18,75.3731,73.1618,0.112905,0.113757
66,19,75.3731,68.8581,0.11879,0.121913
66,20,75.3731,75.6654,0.124636,0.138197
66,21,75.3731,73.1618,0.130443,0.157279
67,1,75.3731,73.7037,0.00663366,0.00670799
67,2,75.3731,77.7344,0.0132233,0.0126736
67,3,75.3731,67.4576,0.0197693,0.019142
67,4,75.3731,77.7344,0.0262718,0.0261854
67,5,75.3731,70.8185,0.0327312,0.0330734
67,6,75.3731,72.6277,0.0391477,0.0429227
67,7,75.3731,74.812,0.0455217,0.0488626
67,8,75.3731,79.9197,0.0518534,0.0553782
67,9,75.3731,71.0714,0.0581431,0.0629456
67,10,75.3731,76.834,0.064391,0.0586333
67,11,75.3731,79.6,0.0705975,0.0627189
67,12,75.3731,74.2537,0.0767629,0.076751
67,13,75.3731,80.8943,0.0828873,0.0796245
67,14,75.3731,74.5318,0.0889711,0.0809878
67,15,75.3731,79.6,0.0950146,0.0931597
67,16,75.3731,75.6654,0.101018,0.0975891
67,17,75.3731,75.3788,0.106982,0.102116
67,18,75.3731,67.4576,0.112905,0.0979235
67,19,75.3731,71.5827,0.11879,0.105964
67,20,75.3731,65.0327,0.124636,0.112366
67,21,75.3731,76.5385,0.130443,0.115986
68,1,75.3731,75.6654,0.00663366,0.0068006
68,2,75.3731,79.9197,0.0132233,0.0146968
68,3,75.3731,81.5574,0.0197693,0.0227694
68,4,75.3731,74.2537,0.0262718,0.0269692
68,5,75.3731,80.2419,0.0327312,0.0322993
68,6,75.3731,71.5827,0.0391477,0.039942
68,7,75.3731,78.3465,0.0455217,0.0477664
68,8,75.3731,78.0392,0.0518534,0.054393
68,9,75.3731,79.6,0.0581431,0.062136
68,10,75.3731,76.2452,0.064391,0.0545458
68,11,75.3731,72.8938,0.0705975,0.0599538
68,12,75.3731,70.0704,0.0767629,0.0689891
68,13,75.3731,70.318,0.0828873,0.0659599
68,14,75.3731,84.6809,0.0889711,0.0711121
68,15,75.3731,79.6,0.0950146,0.0726491
68,16,75.3731,75.9542,0.101018,0.072971
68,17,75.3731,86.5217,0.106982,0.0795443
68,18,75.3731,69.5804,0.112905,0.0908972
68,19,75.3731,73.7037,0.11879,0.103513
68,20,75.3731,70.318,0.124636,0.106
68,21,75.3731,69.5804,0.130443,0.108229
69,1,75.3731,69.0972,0.00663366,0.00705085
69,2,75.3731,73.7037,0.0132233,0.0156834
69,3,75.3731,75.0943,0.0197693,0.0213554
69,4,75.3731,77.7344,0.0262718,0.0236627
69,5,75.3731,80.5668,0.0327312,0.0286779
69,6,75.3731,70.5674,0.0391477,0.033287
69,7,75.3731,72.6277,0.0455217,0.035751
69,8,75.3731,60.4863,0.0518534,0.0436071
69,9,75.3731,71.5827,0.0581431,0.0467842
69,10,75.3731,87.2807,0.064391,0.0568279
69,11,75.3731,78.3465,0.0705975,0.0671951
69,12,75.3731,71.8412,0.0767629,0.0726704
69,13,75.3731,72.6277,0.0828873,0.0801691
69,14,75.3731,73.9777,0.0889711,0.0894017
69,15,75.3731,84.6809,0.0950146,0.0893503
69,16,75.3731,80.2419,0.101018,0.0902804
69,17,75.3731,71.8412,0.106982,0.0959371
69,18,75.3731,75.3788,0.112905,0.0973009
69,19,75.3731,68.6207,0.11879,0.102367
69,20,75.3731,71.8412,0.124636,0.116319
69,21,75.3731,80.8943,0.130443,0.126547
70,1,75.3731,78.3465,0.00663366,0.00632891
70,2,75.3731,83.6134,0.0132233,0.01033
70,3,75.3731,78.3465,0.0197693,0.0160942
70,4,75.3731,72.8938,0.0262718,0.0246625
70,5,75.3731,79.2829,0.0327312,0.027874
70,6,75.3731,71.3262,0.0391477,0.0326351
70,7,75.3731,81.893,0.0455217,0.0319397
70,8,75.3731,83.6134,0.0518534,0.0421569
70,9,75.3731,76.834,0.0581431,0.0486896
70,10,75.3731,73.7037,0.064391,0.0533449
70,11,75.3731,70.318,0.0705975,0.0600626
70,12,75.3731,78.0392,0.0767629,0.0599657
70,13,75.3731,75.6654,0.0828873,0.0652012
70,14,75.3731,81.5574,0.0889711,0.0717936
70,15,75.3731,65.4605,0.0950146,0.0783644
70,16,75.3731,71.0714,0.101018,0.06892
70,17,75.3731,74.2537,0.106982,0.0770874
70,18,75.3731,85.7759,0.112905,0.0816273
70,19,75.3731,71.5827,0.11879,0.0928702
70,20,75.3731,62.3824,0.124636,0.10661
70,21,75.3731,85.0427,0.130443,0.109564
71,1,75.3731,72.6277,0.00663366,0.00508853
71,2,75.3731,65.2459,0.0132233,0.0168851
71,3,75.3731,80.8943,0.0197693,0.0205496
71,4,75.3731,90.4545,0.0262718,0.0258027
71,5,75.3731,81.5574,0.0327312,0.0307834
71,6,75.3731,64.4013,0.0391477,0.0369803
71,7,75.3731,84.322,0.0455217,0.0395544
71,8,75.3731,71.3262,0.0518534,0.0508619
71,9,75.3731,78.6561,0.0581431,0.0610069
71,10,75.3731,88.4444,0.064391,0.0681662
71,11,75.3731,78.0392,0.0705975,0.0746146
71,12,75.3731,79.2829,0.0767629,0.0750901
71,13,75.3731,80.5668,0.0828873,0.0750837
71,14,75.3731,81.5574,0.0889711,0.084349
71,15,75.3731,74.812,0.0950146,0.0993978
71,16,75.3731,77.4319,0.101018,0.106342
71,17,75.3731,79.2829,0.106982,0.113371
71,18,75.3731,76.5385,0.112905,0.121465
71,19,75.3731,73.7037,0.11879,0.130368
71,20,75.3731,71.5827,0.124636,0.138275
71,21,75.3731,66.5552,0.130443,0.14018
72,1,75.3731,75.6654,0.00663366,0.00604989
72,2,75.3731,85.0427,0.0132233,0.0125472
72,3,75.3731,79.2829,0.0197693,0.0180538
72,4,75.3731,66.3333,0.0262718,0.0238927
72,5,75.3731,69.8246,0.0327312,0.0290866
72,6,75.3731,79.2829,0.0391477,0.0366933
72,7,75.3731,75.6654,0.0455217,0.0432246
72,8,75.3731,67.6871,0.0518534,0.0494725
72,9,75.3731,77.7344,0.0581431,0.0548999
72,10,75.3731,86.1472,0.064391,0.0633163
72,11,75.3731,70.318,0.0705975,0.0649953
72,12,75.3731,86.1472,0.0767629,0.0698811
72,13,75.3731,77.4319,0.0828873,0.0733269
72,14,75.3731,68.1507,0.0889711,0.0845124
72,15,75.3731,70.0704,0.0950146,0.0934861
72,16,75.3731,75.6654,0.101018,0.108346
72,17,75.3731,77.7344,0.106982,0.116743
72,18,75.3731,75.0943,0.112905,0.121162
72,19,75.3731,75.9542,0.11879,0.132657
72,20,75.3731,74.5318,0.124636,0.129296
72,21,75.3731,87.6652,0.130443,0.133942
73,1,75.3731,75.3788,0.00663366,0.00625599
73,2,75.3731,73.9777,0.0132233,0.0104932
73,3,75.3731,80.2419,0.0197693,0.0116834
73,4,75.3731,82.2314,0.0262718,0.0150878
73,5,75.3731,59.5808,0.0327312,0.0219845
73,6,75.3731,83.2636,0.0391477,0.0290099
73,7,75.3731,75.0943,0.0455217,0.0353094
73,8,75.3731,68.3849,0.0518534,0.0378441
73,9,75.3731,71.3262,0.0581431,0.042619
73,10,75.3731,72.6277,0.064391,0.0506001
73,11,75.3731,81.893,0.0705975,0.0585176
73,12,75.3731,79.2829,0.0767629,0.0604261
73,13,75.3731,81.2245,0.0828873,0.0653285
73,14,75.3731,78.9683,0.0889711,0.0715126
73,15,75.3731,65.894,0.0950146,0.091223
73,16,75.3731,63.9871,0.101018,0.10058
73,17,75.3731,71.3262,0.106982,0.103653
73,18,75.3731,66.7785,0.112905,0.108261
73,19,75.3731,64.1935,0.11879,0.116385
73,20,75.3731,73.4317,0.124636,0.119487
73,21,75.3731,75.3788,0.130443,0.121807
74,1,75.3731,74.5318,0.00663366,0.00514194
74,2,75.3731,82.5726,0.0132233,0.00904428
74,3,75.3731,77.1318,0.0197693,0.0151592
74,4,75.3731,69.338,0.0262718,0.021691
74,5,75.3731,85.7759,0.0327312,0.0273011
74,6,75.3731,82.2314,0.0391477,0.0330536
74,7,75.3731,76.834,0.0455217,0.0335165
74,8,75.3731,81.5574,0.0518534,0.0433198
74,9,75.3731,77.7344,0.0581431,0.0456668
74,10,75.3731,74.812,0.064391,0.0544248
74,11,75.3731,70.0704,0.0705975,0.0602138
74,12,75.3731,71.3262,0.0767629,0.0661144
74,13,75.3731,72.1014,0.0828873,0.0749102
74,14,75.3731,73.7037,0.0889711,0.0842269
74,15,75.3731,79.2829,0.0950146,0.0826306
74,16,75.3731,85.0427,0.101018,0.0876725
74,17,75.3731,84.322,0.106982,0.0922389
74,18,75.3731,83.2636,0.112905,0.0994888
74,19,75.3731,61.2308,0.11879,0.103936
74,20,75.3731,72.3636,0.124636,0.111099
74,21,75.3731,76.5385,0.130443,0.114942
75,1,75.3731,80.8943,0.00663366,0.00545634
75,2,75.3731,72.1014,0.0132233,0.0118381
75,3,75.3731,78.6561,0.0197693,0.0210153
75,4,75.3731,74.812,0.0262718,0.0280387
75,5,75.3731,82.5726,0.0327312,0.0328071
75,6,75.3731,74.812,0.0391477,0.0353923
75,7,75.3731,77.7344,0.0455217,0.0408934
75,8,75.3731,79.9197,0.0518534,0.0472152
75,9,75.3731,86.5217,0.0581431,0.0543928
75,10,75.3731,72.3636,0.064391,0.0600413
75,11,75.3731,71.0714,0.0705975,0.0673562
75,12,75.3731,74.2537,0.0767629,0.0733056
75,13,75.3731,78.6561,0.0828873,0.0747079
75,14,75.3731,74.5318,0.0889711,0.0829582
75,15,75.3731,72.8938,0.0950146,0.0825817
75,16,75.3731,74.5318,0.101018,0.082923
75,17,75.3731,85.0427,0.106982,0.0877473
75,18,75.3731,86.8996,0.112905,0.0944236
75,19,75.3731,73.7037,0.11879,0.106621
75,20,75.3731,70.8185,0.124636,0.117287
75,21,75.3731,82.2314,0.130443,0.133552
76,1,75.3731,77.4319,0.00663366,0.00538608
76,2,75.3731,75.9542,0.0132233,0.00967735
76,3,75.3731,72.6277,0.0197693,0.0155032
76,4,75.3731,74.2537,0.0262718,0.0226517
76,5,75.3731,80.5668,0.0327312,0.0260299
76,6,75.3731,78.0392,0.0391477,0.0306614
76,7,75.3731,80.2419,0.0455217,0.0355375
76,8,75.3731,71.5827,0.0518534,0.0437484
76,9,75.3731,71.0714,0.0581431,0.051905
76,10,75.3731,83.2636,0.064391,0.0561476
76,11,75.3731,73.4317,0.0705975,0.0642577
76,12,75.3731,76.834,0.0767629,0.0673494
76,13,75.3731,81.2245,0.0828873,0.0677876
76,14,75.3731,76.5385,0.0889711,0.0691379
76,15,75.3731,70.318,0.0950146,0.0719355
76,16,75.3731,81.893,0.101018,0.0709735
76,17,75.3731,82.5726,0.106982,0.0750607
76,18,75.3731,65.4605,0.112905,0.0848559
76,19,75.3731,82.2314,0.11879,0.096864
76,20,75.3731,77.4319,0.124636,0.09256
76,21,75.3731,69.8246,0.130443,0.0972523
77,1,75.3731,73.9777,0.00663366,0.00796127
77,2,75.3731,68.8581,0.0132233,0.0146927
77,3,75.3731,71.3262,0.0197693,0.0231096
77,4,75.3731,82.9167,0.0262718,0.0331894
77,5,75.3731,73.7037,0.0327312,0.0425003
77,6,75.3731,69.338,0.0391477,0.0451148
77,7,75.3731,77.7344,0.0455217,0.0469265
77,8,75.3731,71.8412,0.0518534,0.0499578
77,9,75.3731,81.893,0.0581431,0.0531816
77,10,75.3731,76.5385,0.064391,0.0615988
77,11,75.3731,73.7037,0.0705975,0.0723451
77,12,75.3731,72.3636,0.0767629,0.075683
77,13,75.3731,84.322,0.0828873,0.0765923
77,14,75.3731,75.3788,0.0889711,0.0845878
77,15,75.3731,82.5726,0.0950146,0.0877231
77,16,75.3731,75.9542,0.101018,0.0960553
77,17,75.3731,80.2419,0.106982,0.100225
77,18,75.3731,78.0392,0.112905,0.105818
77,19,75.3731,83.2636,0.11879,0.104784
77,20,75.3731,65.4605,0.124636,0.108378
77,21,75.3731,72.1014,0.130443,0.114257
78,1,75.3731,73.4317,0.00663366,0.00625796
78,2,75.3731,74.2537,0.0132233,0.0132422
78,3,75.3731,73.4317,0.0197693,0.0209906
78,4,75.3731,73.1618,0.0262718,0.0278532
78,5,75.3731,85.4077,0.0327312,0.0312011
78,6,75.3731,83.6134,0.0391477,0.0398479
78,7,75.3731,66.7785,0.0455217,0.0486605
78,8,75.3731,62.1875,0.0518534,0.0564474
78,9,75.3731,77.1318,0.0581431,0.0604879
78,10,75.3731,66.7785,0.064391,0.0665543
78,11,75.3731,74.812,0.0705975,0.0699991
78,12,75.3731,70.0704,0.0767629,0.0789088
78,13,75.3731,83.9662,0.0828873,0.0872334
78,14,75.3731,68.1507,0.0889711,0.0906135
78,15,75.3731,78.6561,0.0950146,0.0971021
78,16,75.3731,73.4317,0.101018,0.101458
78,17,75.3731,84.322,0.106982,0.107498
78,18,75.3731,80.8943,0.112905,0.120309
78,19,75.3731,75.9542,0.11879,0.142553
78,20,75.3731,75.9542,0.124636,0.155284
78,21,75.3731,75.6654,0.130443,0.159203
79,1,75.3731,80.2419,0.00663366,0.00782909
79,2,75.3731,80.5668,0.0132233,0.0118562
79,3,75.3731,72.3636,0.0197693,0.0179997
79,4,75.3731,74.812,0.0262718,0.0247703
79,5,75.3731,62.3824,0.0327312,0.0345681
79,6,75.3731,75.9542,0.0391477,0.0394259
79,7,75.3731,70.8185,0.0455217,0.0478768
79,8,75.3731,71.5827,0.0518534,0.0554237
79,9,75.3731,82.2314,0.0581431,0.0562018
79,10,75.3731,85.7759,0.064391,0.0576951
79,11,75.3731,87.2807,0.0705975,0.0610173
79,12,75.3731,77.4319,0.0767629,0.0673645
79,13,75.3731,84.322,0.0828873,0.0665786
79,14,75.3731,75.6654,0.0889711,0.0742106
79,15,75.3731,72.6277,0.0950146,0.083872
79,16,75.3731,75.0943,0.101018,0.0862701
79,17,75.3731,75.9542,0.106982,0.0951851
79,18,75.3731,73.4317,0.112905,0.101713
79,19,75.3731,76.5385,0.11879,0.104581
79,20,75.3731,68.8581,0.124636,0.111867
79,21,75.3731,91.7051,0.130443,0.120802
80,1,75.3731,76.5385,0.00663366,0.00651121
80,2,75.3731,76.834,0.0132233,0.0126076
80,3,75.3731,79.2829,0.0197693,0.0161667
80,4,75.3731,73.1618,0.0262718,0.0183356
80,5,75.3731,75.6654,0.0327312,0.0213216
80,6,75.3731,86.5217,0.0391477,0.0300031
80,7,75.3731,71.8412,0.0455217,0.0375697
80,8,75.3731,77.1318,0.0518534,0.0428679
80,9,75.3731,75.9542,0.0581431,0.050954
80,10,75.3731,76.5385,0.064391,0.056467
80,11,75.3731,71.0714,0.0705975,0.058111
80,12,75.3731,80.5668,0.0767629,0.0683253
80,13,75.3731,94.7619,0.0828873,0.0728312
80,14,75.3731,76.834,0.0889711,0.0797099
80,15,75.3731,68.3849,0.0950146,0.0828221
80,16,75.3731,83.2636,0.101018,0.0865852
80,17,75.3731,76.2452,0.106982,0.0940457
80,18,75.3731,77.7344,0.112905,0.10586
80,19,75.3731,80.8943,0.11879,0.102387
80,20,75.3731,73.7037,0.124636,0.113298
80,21,75.3731,81.2245,0.130443,0.118465
81,1,75.3731,79.2829,0.00663366,0.0063739
81,2,75.3731,66.113,0.0132233,0.0111395
81,3,75.3731,70.5674,0.0197693,0.0204788
81,4,75.3731,77.1318,0.0262718,0.0249084
81,5,75.3731,77.4319,0.0327312,0.0324562
81,6,75.3731,90.4545,0.0391477,0.0338405
81,7,75.3731,77.7344,0.0455217,0.0406346
81,8,75.3731,79.6,0.0518534,0.0438975
81,9,75.3731,84.6809,0.0581431,0.0446074
81,10,75.3731,82.2314,0.064391,0.0530921
81,11,75.3731,81.893,0.0705975,0.061033
81,12,75.3731,86.5217,0.0767629,0.0614544
81,13,75.3731,85.4077,0.0828873,0.0704111
81,14,75.3731,76.5385,0.0889711,0.0761848
81,15,75.3731,80.5668,0.0950146,0.0844374
81,16,75.3731,77.1318,0.101018,0.0864895
81,17,75.3731,72.1014,0.106982,0.092782
81,18,75.3731,76.5385,0.112905,0.0990727
81,19,75.3731,76.834,0.11879,0.116307
81,20,75.3731,75.0943,0.124636,0.120308
81,21,75.3731,73.4317,0.130443,0.119444
82,1,75.3731,74.2537,0.00663366,0.0072499
82,2,75.3731,83.9662,0.0132233,0.0117052
82,3,75.3731,72.3636,0.0197693,0.0183068
82,4,75.3731,77.7344,0.0262718,0.0238578
82,5,75.3731,76.2452,0.0327312,0.0349059
82,6,75.3731,71.3262,0.0391477,0.0409319
82,7,75.3731,75.3788,0.0455217,0.0460811
82,8,75.3731,68.8581,0.0518534,0.0517559
82,9,75.3731,76.834,0.0581431,0.0617333
82,10,75.3731,69.338,0.064391,0.0750737
82,11,75.3731,81.893,0.0705975,0.0817524
82,12,75.3731,73.1618,0.0767629,0.0884895
82,13,75.3731,83.9662,0.0828873,0.0928431
82,14,75.3731,76.5385,0.0889711,0.0924489
82,15,75.3731,74.812,0.0950146,0.100015
82,16,75.3731,66.5552,0.101018,0.110487
82,17,75.3731,77.1318,0.106982,0.125099
82,18,75.3731,73.4317,0.112905,0.127066
82,19,75.3731,79.2829,0.11879,0.131696
82,20,75.3731,67.6871,0.124636,0.127614
82,21,75.3731,79.6,0.130443,0.130865
83,1,75.3731,68.3849,0.00663366,0.00626311
83,2,75.3731,70.8185,0.0132233,0.0153552
83,3,75.3731,79.6,0.0197693,0.0190887
83,4,75.3731,76.2452,0.0262718,0.0235011
83,5,75.3731,76.5385,0.0327312,0.032247
83,6,75.3731,73.7037,0.0391477,0.0346523
83,7,75.3731,74.5318,0.0455217,0.0385962
83,8,75.3731,72.8938,0.0518534,0.0402794
83,9,75.3731,75.6654,0.0581431,0.0477512
83,10,75.3731,64.4013,0.064391,0.0495498
83,11,75.3731,77.4319,0.0705975,0.054048
83,12,75.3731,74.5318,0.0767629,0.0602229
83,13,75.3731,69.338,0.0828873,0.0641746
83,14,75.3731,84.322,0.0889711,0.0676722
83,15,75.3731,71.0714,0.0950146,0.0728308
83,16,75.3731,76.834,0.101018,0.0737283
83,17,75.3731,87.2807,0.106982,0.078781
83,18,75.3731,85.7759,0.112905,0.0832425
83,19,75.3731,74.5318,0.11879,0.0826856
83,20,75.3731,69.338,0.124636,0.0895984
83,21,75.3731,72.6277,0.130443,0.0950457
84,1,75.3731,83.2636,0.00663366,0.00474132
84,2,75.3731,72.3636,0.0132233,0.0116671
84,3,75.3731,83.9662,0.0197693,0.0190181
84,4,75.3731,81.5574,0.0262718,0.0222234
84,5,75.3731,83.9662,0.0327312,0.0300775
84,6,75.3731,65.4605,0.0391477,0.0394391
84,7,75.3731,74.5318,0.0455217,0.0417999
84,8,75.3731,88.0531,0.0518534,0.0483795
84,9,75.3731,83.2636,0.0581431,0.0551557
84,10,75.3731,82.5726,0.064391,0.0586439
84,11,75.3731,73.1618,0.0705975,0.0654122
84,12,75.3731,74.812,0.0767629,0.0750195
84,13,75.3731,70.318,0.0828873,0.0806701
84,14,75.3731,73.9777,0.0889711,0.0930606
84,15,75.3731,75.6654,0.0950146,0.0945526
84,16,75.3731,83.6134,0.101018,0.0903383
84,17,75.3731,79.9197,0.106982,0.096191
84,18,75.3731,80.8943,0.112905,0.103045
84,19,75.3731,75.9542,0.11879,0.111738
84,20,75.3731,67.9181,0.124636,0.121411
84,21,75.3731,77.1318,0.130443,0.132267
85,1,75.3731,76.834,0.00663366,0.00638537
85,2,75.3731,76.5385,0.0132233,0.00946889
85,3,75.3731,80.2419,0.0197693,0.0185268
85,4,75.3731,68.1507,0.0262718,0.0259228
85,5,75.3731,85.7759,0.0327312,0.0311633
85,6,75.3731,72.8938,0.0391477,0.0396212
85,7,75.3731,75.3788,0.0455217,0.0542008
85,8,75.3731,77.4319,0.0518534,0.0588829
85,9,75.3731,73.7037,0.0581431,0.0632188
85,10,75.3731,67.9181,0.064391,0.0654901
85,11,75.3731,76.834,0.0705975,0.0696268
85,12,75.3731,78.3465,0.0767629,0.07357
85,13,75.3731,68.3849,0.0828873,0.0823324
85,14,75.3731,79.6,0.0889711,0.0846809
85,15,75.3731,75.3788,0.0950146,0.0888081
85,16,75.3731,74.2537,0.101018,0.094056
85,17,75.3731,77.4319,0.106982,0.0943865
85,18,75.3731,73.1618,0.112905,0.103626
85,19,75.3731,81.893,0.11879,0.111224
85,20,75.3731,68.6207,0.124636,0.106618
85,21,75.3731,73.9777,0.130443,0.108461
86,1,75.3731,83.2636,0.00663366,0.00648297
86,2,75.3731,78.6561,0.0132233,0.0146402
86,3,75.3731,80.5668,0.0197693,0.0251052
86,4,75.3731,79.6,0.0262718,0.0292218
86,5,75.3731,73.1618,0.0327312,0.0369887
86,6,75.3731,68.6207,0.0391477,0.0475471
86,7,75.3731,75.0943,0.0455217,0.0528986
86,8,75.3731,76.834,0.0518534,0.0562248
86,9,75.3731,78.3465,0.0581431,0.060949
86,10,75.3731,76.2452,0.064391,0.0562105
86,11,75.3731,85.7759,0.0705975,0.0672502
86,12,75.3731,77.7344,0.0767629,0.0747418
86,13,75.3731,83.2636,0.0828873,0.0867828
86,14,75.3731,67.0034,0.0889711,0.101714
86,15,75.3731,86.8996,0.0950146,0.109091
86,16,75.3731,71.5827,0.101018,0.126395
86,17,75.3731,73.9777,0.106982,0.119976
86,18,75.3731,75.0943,0.112905,0.125853
86,19,75.3731,72.8938,0.11879,0.132732
86,20,75.3731,71.8412,0.124636,0.139402
86,21,75.3731,79.9197,0.130443,0.149535
87,1,75.3731,77.4319,0.00663366,0.0057214
87,2,75.3731,78.0392,0.0132233,0.0140006
87,3,75.3731,76.2452,0.0197693,0.0199476
87,4,75.3731,73.4317,0.0262718,0.0239068
87,5,75.3731,75.6654,0.0327312,0.0348112
87,6,75.3731,71.3262,0.0391477,0.0362718
87,7,75.3731,70.318,0.0455217,0.0393256
87,8,75.3731,67.4576,0.0518534,0.0476425
87,9,75.3731,74.2537,0.0581431,0.056072
87,10,75.3731,79.9197,0.064391,0.0643576
87,11,75.3731,72.1014,0.0705975,0.0661941
87,12,75.3731,73.1618,0.0767629,0.0691146
87,13,75.3731,79.2829,0.0828873,0.0732503
87,14,75.3731,67.9181,0.0889711,0.0778795
87,15,75.3731,80.5668,0.0950146,0.0871536
87,16,75.3731,79.9197,0.101018,0.087773
87,17,75.3731,85.7759,0.106982,0.093011
87,18,75.3731,76.834,0.112905,0.0995269
87,19,75.3731,78.9683,0.11879,0.107574
87,20,75.3731,68.6207,0.124636,0.119808
87,21,75.3731,69.5804,0.130443,0.118221
88,1,75.3731,76.5385,0.00663366,0.00675763
88,2,75.3731,73.4317,0.0132233,0.0132663
88,3,75.3731,70.318,0.0197693,0.0216846
88,4,75.3731,77.4319,0.0262718,0.0250367
88,5,75.3731,63.5783,0.0327312,0.0355151
88,6,75.3731,71.0714,0.0391477,0.0413013
88,7,75.3731,76.2452,0.0455217,0.0484008
88,8,75.3731,78.6561,0.0518534,0.0476469
88,9,75.3731,81.5574,0.0581431,0.0563078
88,10,75.3731,75.9542,0.064391,0.0561901
88,11,75.3731,75.3788,0.0705975,0.0571922
88,12,75.3731,78.3465,0.0767629,0.061576
88,13,75.3731,69.5804,0.0828873,0.0669649
88,14,75.3731,86.1472,0.0889711,0.0721896
88,15,75.3731,88.0531,0.0950146,0.0788309
88,16,75.3731,77.7344,0.101018,0.090611
88,17,75.3731,77.7344,0.106982,0.100917
88,18,75.3731,78.9683,0.112905,0.108061
88,19,75.3731,66.3333,0.11879,0.115882
88,20,75.3731,72.6277,0.124636,0.128486
88,21,75.3731,60.6707,0.130443,0.135523
89,1,75.3731,77.4319,0.00663366,0.00656791
89,2,75.3731,76.834,0.0132233,0.0162064
89,3,75.3731,86.8996,0.0197693,0.0231482
89,4,75.3731,82.2314,0.0262718,0.0319124
89,5,75.3731,79.6,0.0327312,0.0371763
89,6,75.3731,67.2297,0.0391477,0.0478381
89,7,75.3731,79.9197,0.0455217,0.0521161
89,8,75.3731,65.6766,0.0518534,0.0623304
89,9,75.3731,74.812,0.0581431,0.0618619
89,10,75.3731,71.5827,0.064391,0.0674042
89,11,75.3731,76.5385,0.0705975,0.0780203
89,12,75.3731,71.8412,0.0767629,0.0837542
89,13,75.3731,76.2452,0.0828873,0.0892103
89,14,75.3731,82.9167,0.0889711,0.0964749
89,15,75.3731,70.5674,0.0950146,0.106334
89,16,75.3731,80.2419,0.101018,0.110002
89,17,75.3731,75.9542,0.106982,0.114385
89,18,75.3731,75.3788,0.112905,0.123949
89,19,75.3731,83.6134,0.11879,0.128486
89,20,75.3731,75.6654,0.124636,0.130776
89,21,75.3731,75.9542,0.130443,0.150464
90,1,75.3731,70.8185,0.00663366,0.00824218
90,2,75.3731,76.5385,0.0132233,0.0141543
90,3,75.3731,76.5385,0.0197693,0.0212352
90,4,75.3731,78.9683,0.0262718,0.0244478
90,5,75.3731,76.2452,0.0327312,0.0322965
90,6,75.3731,79.6,0.0391477,0.0391678
90,7,75.3731,76.834,0.0455217,0.048452
90,8,75.3731,80.5668,0.0518534,0.0545887
90,9,75.3731,77.4319,0.0581431,0.0564712
90,10,75.3731,87.2807,0.064391,0.0608393
90,11,75.3731,76.5385,0.0705975,0.0698449
90,12,75.3731,76.5385,0.0767629,0.0872507
90,13,75.3731,79.2829,0.0828873,0.097496
90,14,75.3731,74.2537,0.0889711,0.0991297
90,15,75.3731,71.5827,0.0950146,0.108381
90,16,75.3731,71.8412,0.101018,0.109601
90,17,75.3731,76.5385,0.106982,0.115974
90,18,75.3731,83.9662,0.112905,0.122496
90,19,75.3731,79.9197,0.11879,0.135537
90,20,75.3731,69.5804,0.124636,0.138001
90,21,75.3731,75.0943,0.130443,0.141624
91,1,75.3731,72.1014,0.00663366,0.00675681
91,2,75.3731,89.2377,0.0132233,0.0134741
91,3,75.3731,72.8938,0.0197693,0.019407
91,4,75.3731,78.0392,0.0262718,0.0248967
91,5,75.3731,73.4317,0.0327312,0.0353224
91,6,75.3731,70.0704,0.0391477,0.0400586
91,7,75.3731,78.3465,0.0455217,0.0466391
91,8,75.3731,67.2297,0.0518534,0.0558334
91,9,75.3731,82.2314,0.0581431,0.0555472
91,10,75.3731,72.3636,0.064391,0.0592958
91,11,75.3731,73.9777,0.0705975,0.0702711
91,12,75.3731,73.7037,0.0767629,0.0735097
91,13,75.3731,75.3788,0.0828873,0.0839405
91,14,75.3731,75.6654,0.0889711,0.0932917
91,15,75.3731,85.0427,0.0950146,0.0944593
91,16,75.3731,82.5726,0.101018,0.092368
91,17,75.3731,68.1507,0.106982,0.0914441
91,18,75.3731,66.7785,0.112905,0.1048
91,19,75.3731,69.338,0.11879,0.117125
91,20,75.3731,81.893,0.124636,0.117499
91,21,75.3731,71.5827,0.130443,0.117792
92,1,75.3731,71.0714,0.00663366,0.00479306
92,2,75.3731,82.2314,0.0132233,0.0123552
92,3,75.3731,83.2636,0.0197693,0.0198263
92,4,75.3731,72.1014,0.0262718,0.0298005
92,5,75.3731,71.0714,0.0327312,0.0357441
92,6,75.3731,77.7344,0.0391477,0.0428451
92,7,75.3731,71.0714,0.0455217,0.0438312
92,8,75.3731,68.6207,0.0518534,0.0499693
92,9,75.3731,82.9167,0.0581431,0.0542789
92,10,75.3731,74.2537,0.064391,0.0523203
92,11,75.3731,80.8943,0.0705975,0.0589215
92,12,75.3731,79.9197,0.0767629,0.0652918
92,13,75.3731,78.0392,0.0828873,0.0699517
92,14,75.3731,75.9542,0.0889711,0.0774377
92,15,75.3731,74.812,0.0950146,0.0836237
92,16,75.3731,85.4077,0.101018,0.0874741
92,17,75.3731,74.2537,0.106982,0.0941741
92,18,75.3731,74.5318,0.112905,0.103173
92,19,75.3731,76.2452,0.11879,0.108101
92,20,75.3731,70.8185,0.124636,0.115221
92,21,75.3731,75.9542,0.130443,0.117388
93,1,75.3731,72.8938,0.00663366,0.00529531
93,2,75.3731,70.5674,0.0132233,0.0137858
93,3,75.3731,71.3262,0.0197693,0.0179533
93,4,75.3731,78.6561,0.0262718,0.0261375
93,5,75.3731,72.8938,0.0327312,0.0332659
93,6,75.3731,70.0704,0.0391477,0.0370972
93,7,75.3731,85.4077,0.0455217,0.0458449
93,8,75.3731,67.4576,0.0518534,0.0516133
93,9,75.3731,78.0392,0.0581431,0.0568743
93,10,75.3731,78.6561,0.064391,0.0671244
93,11,75.3731,89.6396,0.0705975,0.0786644
93,12,75.3731,68.8581,0.0767629,0.0781284
93,13,75.3731,75.0943,0.0828873,0.0851544
93,14,75.3731,86.8996,0.0889711,0.0856093
93,15,75.3731,67.2297,0.0950146,0.100252
93,16,75.3731,73.9777,0.101018,0.101883
93,17,75.3731,79.6,0.106982,0.113658
93,18,75.3731,64.4013,0.112905,0.135906
93,19,75.3731,74.5318,0.11879,0.138505
93,20,75.3731,75.0943,0.124636,0.143435
93,21,75.3731,79.2829,0.130443,0.152259
94,1,75.3731,74.5318,0.00663366,0.00734111
94,2,75.3731,82.5726,0.0132233,0.0136409
94,3,75.3731,87.6652,0.0197693,0.0198049
94,4,75.3731,77.7344,0.0262718,0.0252064
94,5,75.3731,82.5726,0.0327312,0.0266475
94,6,75.3731,75.6654,0.0391477,0.0340516
94,7,75.3731,78.9683,0.0455217,0.0351218
94,8,75.3731,79.9197,0.0518534,0.0421089
94,9,75.3731,72.6277,0.0581431,0.0444724
94,10,75.3731,77.7344,0.064391,0.0451711
94,11,75.3731,76.834,0.0705975,0.0536615
94,12,75.3731,77.7344,0.0767629,0.0650981
94,13,75.3731,74.812,0.0828873,0.0660012
94,14,75.3731,78.3465,0.0889711,0.0778606
94,15,75.3731,67.4576,0.0950146,0.0861614
94,16,75.3731,74.812,0.101018,0.0934673
94,17,75.3731,71.0714,0.106982,0.0954792
94,18,75.3731,65.4605,0.112905,0.10292
94,19,75.3731,86.1472,0.11879,0.115878
94,20,75.3731,65.0327,0.124636,0.125662
94,21,75.3731,67.0034,0.130443,0.139405
95,1,75.3731,76.2452,0.00663366,0.00468967
95,2,75.3731,72.1014,0.0132233,0.0118178
95,3,75.3731,66.5552,0.0197693,0.0198483
95,4,75.3731,80.2419,0.0262718,0.025238
95,5,75.3731,77.4319,0.0327312,0.0276268
95,6,75.3731,83.9662,0.0391477,0.0339602
95,7,75.3731,70.318,0.0455217,0.0444599
95,8,75.3731,72.1014,0.0518534,0.0506876
95,9,75.3731,73.7037,0.0581431,0.0566778
95,10,75.3731,68.6207,0.064391,0.059772
95,11,75.3731,66.3333,0.0705975,0.0657966
95,12,75.3731,86.8996,0.0767629,0.0637342
95,13,75.3731,77.1318,0.0828873,0.0704454
95,14,75.3731,66.5552,0.0889711,0.0791494
95,15,75.3731,80.5668,0.0950146,0.0879219
95,16,75.3731,64.8208,0.101018,0.0922048
95,17,75.3731,72.6277,0.106982,0.0961642
95,18,75.3731,77.4319,0.112905,0.103272
95,19,75.3731,78.6561,0.11879,0.110163
95,20,75.3731,78.0392,0.124636,0.114112
95,21,75.3731,81.2245,0.130443,0.116372
96,1,75.3731,78.3465,0.00663366,0.007497
96,2,75.3731,65.4605,0.0132233,0.0161244
96,3,75.3731,74.2537,0.0197693,0.0287329
96,4,75.3731,70.0704,0.0262718,0.035579
96,5,75.3731,75.6654,0.0327312,0.0414488
96,6,75.3731,75.6654,0.0391477,0.0428561
96,7,75.3731,75.0943,0.0455217,0.0518302
96,8,75.3731,78.3465,0.0518534,0.0579115
96,9,75.3731,80.2419,0.0581431,0.0602539
96,10,75.3731,68.3849,0.064391,0.0677401
96,11,75.3731,78.9683,0.0705975,0.0773541
96,12,75.3731,78.0392,0.0767629,0.0861599
96,13,75.3731,67.9181,0.0828873,0.0876547
96,14,75.3731,72.6277,0.0889711,0.0966821
96,15,75.3731,79.2829,0.0950146,0.0986651
96,16,75.3731,75.0943,0.101018,0.108985
96,17,75.3731,75.0943,0.106982,0.121443
96,18,75.3731,79.9197,0.112905,0.12442
96,19,75.3731,78.0392,0.11879,0.118223
96,20,75.3731,82.5726,0.124636,0.128839
96,21,75.3731,87.2807,0.130443,0.133963
97,1,75.3731,81.2245,0.00663366,0.00513866
97,2,75.3731,77.1318,0.0132233,0.0106043
97,3,75.3731,78.0392,0.0197693,0.0151029
97,4,75.3731,72.8938,0.0262718,0.019859
97,5,75.3731,75.9542,0.0327312,0.0243414
97,6,75.3731,69.338,0.0391477,0.0326239
97,7,75.3731,90.8676,0.0455217,0.0379906
97,8,75.3731,73.9777,0.0518534,0.0432851
97,9,75.3731,69.5804,0.0581431,0.0498254
97,10,75.3731,81.5574,0.064391,0.0541573
97,11,75.3731,85.7759,0.0705975,0.056984
97,12,75.3731,75.6654,0.0767629,0.0635772
97,13,75.3731,67.6871,0.0828873,0.071168
97,14,75.3731,68.6207,0.0889711,0.0812183
97,15,75.3731,67.9181,0.0950146,0.0864642
97,16,75.3731,76.834,0.101018,0.0857574
97,17,75.3731,68.3849,0.106982,0.0917317
97,18,75.3731,77.1318,0.112905,0.0954126
97,19,75.3731,68.1507,0.11879,0.100068
97,20,75.3731,73.4317,0.124636,0.112262
97,21,75.3731,82.5726,0.130443,0.118696
98,1,75.3731,73.9777,0.00663366,0.0059709
98,2,75.3731,80.2419,0.0132233,0.0122416
98,3,75.3731,77.1318,0.0197693,0.0177013
98,4,75.3731,82.5726,0.0262718,0.0221326
98,5,75.3731,85.0427,0.0327312,0.0265311
98,6,75.3731,69.8246,0.0391477,0.026413
98,7,75.3731,73.1618,0.0455217,0.0289962
98,8,75.3731,73.1618,0.0518534,0.039941
98,9,75.3731,69.5804,0.0581431,0.0441856
98,10,75.3731,78.6561,0.064391,0.0561571
98,11,75.3731,71.0714,0.0705975,0.0644375
98,12,75.3731,65.894,0.0767629,0.0745278
98,13,75.3731,75.3788,0.0828873,0.0767136
98,14,75.3731,78.0392,0.0889711,0.0751412
98,15,75.3731,80.5668,0.0950146,0.0794615
98,16,75.3731,73.9777,0.101018,0.0894278
98,17,75.3731,75.0943,0.106982,0.100692
98,18,75.3731,72.3636,0.112905,0.113216
98,19,75.3731,79.9197,0.11879,0.124588
98,20,75.3731,73.7037,0.124636,0.134503
98,21,75.3731,76.834,0.130443,0.14615
99,1,75.3731,86.8996,0.00663366,0.00627131
99,2,75.3731,79.6,0.0132233,0.011786
99,3,75.3731,73.7037,0.0197693,0.0179549
99,4,75.3731,78.0392,0.0262718,0.0229058
99,5,75.3731,68.6207,0.0327312,0.0252668
99,6,75.3731,79.2829,0.0391477,0.0286465
99,7,75.3731,68.8581,0.0455217,0.0340059
99,8,75.3731,75.6654,0.0518534,0.0463978
99,9,75.3731,78.6561,0.0581431,0.0524826
99,10,75.3731,67.6871,0.064391,0.0546672
99,11,75.3731,76.2452,0.0705975,0.0690843
99,12,75.3731,71.8412,0.0767629,0.0804009
99,13,75.3731,69.338,0.0828873,0.0927196
99,14,75.3731,83.6134,0.0889711,0.107127
99,15,75.3731,76.834,0.0950146,0.118807
99,16,75.3731,71.5827,0.101018,0.11476
99,17,75.3731,82.2314,0.106982,0.114525
99,18,75.3731,68.8581,0.112905,0.121783
99,19,75.3731,65.2459,0.11879,0.121566
99,20,75.3731,82.9167,0.124636,0.127417
99,21,75.3731,82.2314,0.130443,0.124091
100,1,75.3731,68.3849,0.00663366,0.00621594
100,2,75.3731,72.3636,0.0132233,0.0136299
100,3,75.3731,76.834,0.0197693,0.0223955
100,4,75.3731,73.4317,0.0262718,0.0250197
100,5,75.3731,71.0714,0.0327312,0.031001
100,6,75.3731,75.6654,0.0391477,0.0378257
100,7,75.3731,81.2245,0.0455217,0.0421119
100,8,75.3731,67.2297,0.0518534,0.0483713
100,9,75.3731,90.0452,0.0581431,0.0549499
100,10,75.3731,69.8246,0.064391,0.0602534
100,11,75.3731,69.0972,0.0705975,0.0674884
100,12,75.3731,69.8246,0.0767629,0.0739725
100,13,75.3731,72.1014,0.0828873,0.0778162
100,14,75.3731,92.9907,0.0889711,0.0825277
100,15,75.3731,75.9542,0.0950146,0.0928633
100,16,75.3731,70.0704,0.101018,0.0894961
100,17,75.3731,69.0972,0.106982,0.0926355
100,18,75.3731,72.3636,0.112905,0.102239
100,19,75.3731,73.4317,0.11879,0.106297
100,20,75.3731,67.6871,0.124636,0.115052
100,21,75.3731,73.4317,0.130443,0.125196
